c Graph Colouring to DIMACS
p cnf 300 4282
15 14 13 12 11 10 9 8 7 6 5 4 3 2 1 0
-1 -2 0
-1 -3 0
-1 -4 0
-1 -5 0
-1 -6 0
-1 -7 0
-1 -8 0
-1 -9 0
-1 -10 0
-1 -11 0
-1 -12 0
-1 -13 0
-1 -14 0
-1 -15 0
-2 -3 0
-2 -4 0
-2 -5 0
-2 -6 0
-2 -7 0
-2 -8 0
-2 -9 0
-2 -10 0
-2 -11 0
-2 -12 0
-2 -13 0
-2 -14 0
-2 -15 0
-3 -4 0
-3 -5 0
-3 -6 0
-3 -7 0
-3 -8 0
-3 -9 0
-3 -10 0
-3 -11 0
-3 -12 0
-3 -13 0
-3 -14 0
-3 -15 0
-4 -5 0
-4 -6 0
-4 -7 0
-4 -8 0
-4 -9 0
-4 -10 0
-4 -11 0
-4 -12 0
-4 -13 0
-4 -14 0
-4 -15 0
-5 -6 0
-5 -7 0
-5 -8 0
-5 -9 0
-5 -10 0
-5 -11 0
-5 -12 0
-5 -13 0
-5 -14 0
-5 -15 0
-6 -7 0
-6 -8 0
-6 -9 0
-6 -10 0
-6 -11 0
-6 -12 0
-6 -13 0
-6 -14 0
-6 -15 0
-7 -8 0
-7 -9 0
-7 -10 0
-7 -11 0
-7 -12 0
-7 -13 0
-7 -14 0
-7 -15 0
-8 -9 0
-8 -10 0
-8 -11 0
-8 -12 0
-8 -13 0
-8 -14 0
-8 -15 0
-9 -10 0
-9 -11 0
-9 -12 0
-9 -13 0
-9 -14 0
-9 -15 0
-10 -11 0
-10 -12 0
-10 -13 0
-10 -14 0
-10 -15 0
-11 -12 0
-11 -13 0
-11 -14 0
-11 -15 0
-12 -13 0
-12 -14 0
-12 -15 0
-13 -14 0
-13 -15 0
-14 -15 0
-1 -196 0
-2 -197 0
-3 -198 0
-4 -199 0
-5 -200 0
-6 -201 0
-7 -202 0
-8 -203 0
-9 -204 0
-10 -205 0
-11 -206 0
-12 -207 0
-13 -208 0
-14 -209 0
-15 -210 0
-1 -211 0
-2 -212 0
-3 -213 0
-4 -214 0
-5 -215 0
-6 -216 0
-7 -217 0
-8 -218 0
-9 -219 0
-10 -220 0
-11 -221 0
-12 -222 0
-13 -223 0
-14 -224 0
-15 -225 0
30 29 28 27 26 25 24 23 22 21 20 19 18 17 16 0
-16 -17 0
-16 -18 0
-16 -19 0
-16 -20 0
-16 -21 0
-16 -22 0
-16 -23 0
-16 -24 0
-16 -25 0
-16 -26 0
-16 -27 0
-16 -28 0
-16 -29 0
-16 -30 0
-17 -18 0
-17 -19 0
-17 -20 0
-17 -21 0
-17 -22 0
-17 -23 0
-17 -24 0
-17 -25 0
-17 -26 0
-17 -27 0
-17 -28 0
-17 -29 0
-17 -30 0
-18 -19 0
-18 -20 0
-18 -21 0
-18 -22 0
-18 -23 0
-18 -24 0
-18 -25 0
-18 -26 0
-18 -27 0
-18 -28 0
-18 -29 0
-18 -30 0
-19 -20 0
-19 -21 0
-19 -22 0
-19 -23 0
-19 -24 0
-19 -25 0
-19 -26 0
-19 -27 0
-19 -28 0
-19 -29 0
-19 -30 0
-20 -21 0
-20 -22 0
-20 -23 0
-20 -24 0
-20 -25 0
-20 -26 0
-20 -27 0
-20 -28 0
-20 -29 0
-20 -30 0
-21 -22 0
-21 -23 0
-21 -24 0
-21 -25 0
-21 -26 0
-21 -27 0
-21 -28 0
-21 -29 0
-21 -30 0
-22 -23 0
-22 -24 0
-22 -25 0
-22 -26 0
-22 -27 0
-22 -28 0
-22 -29 0
-22 -30 0
-23 -24 0
-23 -25 0
-23 -26 0
-23 -27 0
-23 -28 0
-23 -29 0
-23 -30 0
-24 -25 0
-24 -26 0
-24 -27 0
-24 -28 0
-24 -29 0
-24 -30 0
-25 -26 0
-25 -27 0
-25 -28 0
-25 -29 0
-25 -30 0
-26 -27 0
-26 -28 0
-26 -29 0
-26 -30 0
-27 -28 0
-27 -29 0
-27 -30 0
-28 -29 0
-28 -30 0
-29 -30 0
-16 -286 0
-17 -287 0
-18 -288 0
-19 -289 0
-20 -290 0
-21 -291 0
-22 -292 0
-23 -293 0
-24 -294 0
-25 -295 0
-26 -296 0
-27 -297 0
-28 -298 0
-29 -299 0
-30 -300 0
-16 -61 0
-17 -62 0
-18 -63 0
-19 -64 0
-20 -65 0
-21 -66 0
-22 -67 0
-23 -68 0
-24 -69 0
-25 -70 0
-26 -71 0
-27 -72 0
-28 -73 0
-29 -74 0
-30 -75 0
-16 -61 0
-17 -62 0
-18 -63 0
-19 -64 0
-20 -65 0
-21 -66 0
-22 -67 0
-23 -68 0
-24 -69 0
-25 -70 0
-26 -71 0
-27 -72 0
-28 -73 0
-29 -74 0
-30 -75 0
-16 -256 0
-17 -257 0
-18 -258 0
-19 -259 0
-20 -260 0
-21 -261 0
-22 -262 0
-23 -263 0
-24 -264 0
-25 -265 0
-26 -266 0
-27 -267 0
-28 -268 0
-29 -269 0
-30 -270 0
-16 -1 0
-17 -2 0
-18 -3 0
-19 -4 0
-20 -5 0
-21 -6 0
-22 -7 0
-23 -8 0
-24 -9 0
-25 -10 0
-26 -11 0
-27 -12 0
-28 -13 0
-29 -14 0
-30 -15 0
-16 -271 0
-17 -272 0
-18 -273 0
-19 -274 0
-20 -275 0
-21 -276 0
-22 -277 0
-23 -278 0
-24 -279 0
-25 -280 0
-26 -281 0
-27 -282 0
-28 -283 0
-29 -284 0
-30 -285 0
-16 -91 0
-17 -92 0
-18 -93 0
-19 -94 0
-20 -95 0
-21 -96 0
-22 -97 0
-23 -98 0
-24 -99 0
-25 -100 0
-26 -101 0
-27 -102 0
-28 -103 0
-29 -104 0
-30 -105 0
-16 -241 0
-17 -242 0
-18 -243 0
-19 -244 0
-20 -245 0
-21 -246 0
-22 -247 0
-23 -248 0
-24 -249 0
-25 -250 0
-26 -251 0
-27 -252 0
-28 -253 0
-29 -254 0
-30 -255 0
-16 -1 0
-17 -2 0
-18 -3 0
-19 -4 0
-20 -5 0
-21 -6 0
-22 -7 0
-23 -8 0
-24 -9 0
-25 -10 0
-26 -11 0
-27 -12 0
-28 -13 0
-29 -14 0
-30 -15 0
45 44 43 42 41 40 39 38 37 36 35 34 33 32 31 0
-31 -32 0
-31 -33 0
-31 -34 0
-31 -35 0
-31 -36 0
-31 -37 0
-31 -38 0
-31 -39 0
-31 -40 0
-31 -41 0
-31 -42 0
-31 -43 0
-31 -44 0
-31 -45 0
-32 -33 0
-32 -34 0
-32 -35 0
-32 -36 0
-32 -37 0
-32 -38 0
-32 -39 0
-32 -40 0
-32 -41 0
-32 -42 0
-32 -43 0
-32 -44 0
-32 -45 0
-33 -34 0
-33 -35 0
-33 -36 0
-33 -37 0
-33 -38 0
-33 -39 0
-33 -40 0
-33 -41 0
-33 -42 0
-33 -43 0
-33 -44 0
-33 -45 0
-34 -35 0
-34 -36 0
-34 -37 0
-34 -38 0
-34 -39 0
-34 -40 0
-34 -41 0
-34 -42 0
-34 -43 0
-34 -44 0
-34 -45 0
-35 -36 0
-35 -37 0
-35 -38 0
-35 -39 0
-35 -40 0
-35 -41 0
-35 -42 0
-35 -43 0
-35 -44 0
-35 -45 0
-36 -37 0
-36 -38 0
-36 -39 0
-36 -40 0
-36 -41 0
-36 -42 0
-36 -43 0
-36 -44 0
-36 -45 0
-37 -38 0
-37 -39 0
-37 -40 0
-37 -41 0
-37 -42 0
-37 -43 0
-37 -44 0
-37 -45 0
-38 -39 0
-38 -40 0
-38 -41 0
-38 -42 0
-38 -43 0
-38 -44 0
-38 -45 0
-39 -40 0
-39 -41 0
-39 -42 0
-39 -43 0
-39 -44 0
-39 -45 0
-40 -41 0
-40 -42 0
-40 -43 0
-40 -44 0
-40 -45 0
-41 -42 0
-41 -43 0
-41 -44 0
-41 -45 0
-42 -43 0
-42 -44 0
-42 -45 0
-43 -44 0
-43 -45 0
-44 -45 0
-31 -181 0
-32 -182 0
-33 -183 0
-34 -184 0
-35 -185 0
-36 -186 0
-37 -187 0
-38 -188 0
-39 -189 0
-40 -190 0
-41 -191 0
-42 -192 0
-43 -193 0
-44 -194 0
-45 -195 0
-31 -286 0
-32 -287 0
-33 -288 0
-34 -289 0
-35 -290 0
-36 -291 0
-37 -292 0
-38 -293 0
-39 -294 0
-40 -295 0
-41 -296 0
-42 -297 0
-43 -298 0
-44 -299 0
-45 -300 0
-31 -271 0
-32 -272 0
-33 -273 0
-34 -274 0
-35 -275 0
-36 -276 0
-37 -277 0
-38 -278 0
-39 -279 0
-40 -280 0
-41 -281 0
-42 -282 0
-43 -283 0
-44 -284 0
-45 -285 0
-31 -166 0
-32 -167 0
-33 -168 0
-34 -169 0
-35 -170 0
-36 -171 0
-37 -172 0
-38 -173 0
-39 -174 0
-40 -175 0
-41 -176 0
-42 -177 0
-43 -178 0
-44 -179 0
-45 -180 0
-31 -226 0
-32 -227 0
-33 -228 0
-34 -229 0
-35 -230 0
-36 -231 0
-37 -232 0
-38 -233 0
-39 -234 0
-40 -235 0
-41 -236 0
-42 -237 0
-43 -238 0
-44 -239 0
-45 -240 0
-31 -256 0
-32 -257 0
-33 -258 0
-34 -259 0
-35 -260 0
-36 -261 0
-37 -262 0
-38 -263 0
-39 -264 0
-40 -265 0
-41 -266 0
-42 -267 0
-43 -268 0
-44 -269 0
-45 -270 0
-31 -211 0
-32 -212 0
-33 -213 0
-34 -214 0
-35 -215 0
-36 -216 0
-37 -217 0
-38 -218 0
-39 -219 0
-40 -220 0
-41 -221 0
-42 -222 0
-43 -223 0
-44 -224 0
-45 -225 0
-31 -286 0
-32 -287 0
-33 -288 0
-34 -289 0
-35 -290 0
-36 -291 0
-37 -292 0
-38 -293 0
-39 -294 0
-40 -295 0
-41 -296 0
-42 -297 0
-43 -298 0
-44 -299 0
-45 -300 0
-31 -256 0
-32 -257 0
-33 -258 0
-34 -259 0
-35 -260 0
-36 -261 0
-37 -262 0
-38 -263 0
-39 -264 0
-40 -265 0
-41 -266 0
-42 -267 0
-43 -268 0
-44 -269 0
-45 -270 0
60 59 58 57 56 55 54 53 52 51 50 49 48 47 46 0
-46 -47 0
-46 -48 0
-46 -49 0
-46 -50 0
-46 -51 0
-46 -52 0
-46 -53 0
-46 -54 0
-46 -55 0
-46 -56 0
-46 -57 0
-46 -58 0
-46 -59 0
-46 -60 0
-47 -48 0
-47 -49 0
-47 -50 0
-47 -51 0
-47 -52 0
-47 -53 0
-47 -54 0
-47 -55 0
-47 -56 0
-47 -57 0
-47 -58 0
-47 -59 0
-47 -60 0
-48 -49 0
-48 -50 0
-48 -51 0
-48 -52 0
-48 -53 0
-48 -54 0
-48 -55 0
-48 -56 0
-48 -57 0
-48 -58 0
-48 -59 0
-48 -60 0
-49 -50 0
-49 -51 0
-49 -52 0
-49 -53 0
-49 -54 0
-49 -55 0
-49 -56 0
-49 -57 0
-49 -58 0
-49 -59 0
-49 -60 0
-50 -51 0
-50 -52 0
-50 -53 0
-50 -54 0
-50 -55 0
-50 -56 0
-50 -57 0
-50 -58 0
-50 -59 0
-50 -60 0
-51 -52 0
-51 -53 0
-51 -54 0
-51 -55 0
-51 -56 0
-51 -57 0
-51 -58 0
-51 -59 0
-51 -60 0
-52 -53 0
-52 -54 0
-52 -55 0
-52 -56 0
-52 -57 0
-52 -58 0
-52 -59 0
-52 -60 0
-53 -54 0
-53 -55 0
-53 -56 0
-53 -57 0
-53 -58 0
-53 -59 0
-53 -60 0
-54 -55 0
-54 -56 0
-54 -57 0
-54 -58 0
-54 -59 0
-54 -60 0
-55 -56 0
-55 -57 0
-55 -58 0
-55 -59 0
-55 -60 0
-56 -57 0
-56 -58 0
-56 -59 0
-56 -60 0
-57 -58 0
-57 -59 0
-57 -60 0
-58 -59 0
-58 -60 0
-59 -60 0
-46 -16 0
-47 -17 0
-48 -18 0
-49 -19 0
-50 -20 0
-51 -21 0
-52 -22 0
-53 -23 0
-54 -24 0
-55 -25 0
-56 -26 0
-57 -27 0
-58 -28 0
-59 -29 0
-60 -30 0
-46 -76 0
-47 -77 0
-48 -78 0
-49 -79 0
-50 -80 0
-51 -81 0
-52 -82 0
-53 -83 0
-54 -84 0
-55 -85 0
-56 -86 0
-57 -87 0
-58 -88 0
-59 -89 0
-60 -90 0
-46 -91 0
-47 -92 0
-48 -93 0
-49 -94 0
-50 -95 0
-51 -96 0
-52 -97 0
-53 -98 0
-54 -99 0
-55 -100 0
-56 -101 0
-57 -102 0
-58 -103 0
-59 -104 0
-60 -105 0
-46 -121 0
-47 -122 0
-48 -123 0
-49 -124 0
-50 -125 0
-51 -126 0
-52 -127 0
-53 -128 0
-54 -129 0
-55 -130 0
-56 -131 0
-57 -132 0
-58 -133 0
-59 -134 0
-60 -135 0
-46 -286 0
-47 -287 0
-48 -288 0
-49 -289 0
-50 -290 0
-51 -291 0
-52 -292 0
-53 -293 0
-54 -294 0
-55 -295 0
-56 -296 0
-57 -297 0
-58 -298 0
-59 -299 0
-60 -300 0
-46 -106 0
-47 -107 0
-48 -108 0
-49 -109 0
-50 -110 0
-51 -111 0
-52 -112 0
-53 -113 0
-54 -114 0
-55 -115 0
-56 -116 0
-57 -117 0
-58 -118 0
-59 -119 0
-60 -120 0
-46 -211 0
-47 -212 0
-48 -213 0
-49 -214 0
-50 -215 0
-51 -216 0
-52 -217 0
-53 -218 0
-54 -219 0
-55 -220 0
-56 -221 0
-57 -222 0
-58 -223 0
-59 -224 0
-60 -225 0
-46 -106 0
-47 -107 0
-48 -108 0
-49 -109 0
-50 -110 0
-51 -111 0
-52 -112 0
-53 -113 0
-54 -114 0
-55 -115 0
-56 -116 0
-57 -117 0
-58 -118 0
-59 -119 0
-60 -120 0
-46 -286 0
-47 -287 0
-48 -288 0
-49 -289 0
-50 -290 0
-51 -291 0
-52 -292 0
-53 -293 0
-54 -294 0
-55 -295 0
-56 -296 0
-57 -297 0
-58 -298 0
-59 -299 0
-60 -300 0
75 74 73 72 71 70 69 68 67 66 65 64 63 62 61 0
-61 -62 0
-61 -63 0
-61 -64 0
-61 -65 0
-61 -66 0
-61 -67 0
-61 -68 0
-61 -69 0
-61 -70 0
-61 -71 0
-61 -72 0
-61 -73 0
-61 -74 0
-61 -75 0
-62 -63 0
-62 -64 0
-62 -65 0
-62 -66 0
-62 -67 0
-62 -68 0
-62 -69 0
-62 -70 0
-62 -71 0
-62 -72 0
-62 -73 0
-62 -74 0
-62 -75 0
-63 -64 0
-63 -65 0
-63 -66 0
-63 -67 0
-63 -68 0
-63 -69 0
-63 -70 0
-63 -71 0
-63 -72 0
-63 -73 0
-63 -74 0
-63 -75 0
-64 -65 0
-64 -66 0
-64 -67 0
-64 -68 0
-64 -69 0
-64 -70 0
-64 -71 0
-64 -72 0
-64 -73 0
-64 -74 0
-64 -75 0
-65 -66 0
-65 -67 0
-65 -68 0
-65 -69 0
-65 -70 0
-65 -71 0
-65 -72 0
-65 -73 0
-65 -74 0
-65 -75 0
-66 -67 0
-66 -68 0
-66 -69 0
-66 -70 0
-66 -71 0
-66 -72 0
-66 -73 0
-66 -74 0
-66 -75 0
-67 -68 0
-67 -69 0
-67 -70 0
-67 -71 0
-67 -72 0
-67 -73 0
-67 -74 0
-67 -75 0
-68 -69 0
-68 -70 0
-68 -71 0
-68 -72 0
-68 -73 0
-68 -74 0
-68 -75 0
-69 -70 0
-69 -71 0
-69 -72 0
-69 -73 0
-69 -74 0
-69 -75 0
-70 -71 0
-70 -72 0
-70 -73 0
-70 -74 0
-70 -75 0
-71 -72 0
-71 -73 0
-71 -74 0
-71 -75 0
-72 -73 0
-72 -74 0
-72 -75 0
-73 -74 0
-73 -75 0
-74 -75 0
-61 -271 0
-62 -272 0
-63 -273 0
-64 -274 0
-65 -275 0
-66 -276 0
-67 -277 0
-68 -278 0
-69 -279 0
-70 -280 0
-71 -281 0
-72 -282 0
-73 -283 0
-74 -284 0
-75 -285 0
-61 -106 0
-62 -107 0
-63 -108 0
-64 -109 0
-65 -110 0
-66 -111 0
-67 -112 0
-68 -113 0
-69 -114 0
-70 -115 0
-71 -116 0
-72 -117 0
-73 -118 0
-74 -119 0
-75 -120 0
-61 -31 0
-62 -32 0
-63 -33 0
-64 -34 0
-65 -35 0
-66 -36 0
-67 -37 0
-68 -38 0
-69 -39 0
-70 -40 0
-71 -41 0
-72 -42 0
-73 -43 0
-74 -44 0
-75 -45 0
-61 -181 0
-62 -182 0
-63 -183 0
-64 -184 0
-65 -185 0
-66 -186 0
-67 -187 0
-68 -188 0
-69 -189 0
-70 -190 0
-71 -191 0
-72 -192 0
-73 -193 0
-74 -194 0
-75 -195 0
90 89 88 87 86 85 84 83 82 81 80 79 78 77 76 0
-76 -77 0
-76 -78 0
-76 -79 0
-76 -80 0
-76 -81 0
-76 -82 0
-76 -83 0
-76 -84 0
-76 -85 0
-76 -86 0
-76 -87 0
-76 -88 0
-76 -89 0
-76 -90 0
-77 -78 0
-77 -79 0
-77 -80 0
-77 -81 0
-77 -82 0
-77 -83 0
-77 -84 0
-77 -85 0
-77 -86 0
-77 -87 0
-77 -88 0
-77 -89 0
-77 -90 0
-78 -79 0
-78 -80 0
-78 -81 0
-78 -82 0
-78 -83 0
-78 -84 0
-78 -85 0
-78 -86 0
-78 -87 0
-78 -88 0
-78 -89 0
-78 -90 0
-79 -80 0
-79 -81 0
-79 -82 0
-79 -83 0
-79 -84 0
-79 -85 0
-79 -86 0
-79 -87 0
-79 -88 0
-79 -89 0
-79 -90 0
-80 -81 0
-80 -82 0
-80 -83 0
-80 -84 0
-80 -85 0
-80 -86 0
-80 -87 0
-80 -88 0
-80 -89 0
-80 -90 0
-81 -82 0
-81 -83 0
-81 -84 0
-81 -85 0
-81 -86 0
-81 -87 0
-81 -88 0
-81 -89 0
-81 -90 0
-82 -83 0
-82 -84 0
-82 -85 0
-82 -86 0
-82 -87 0
-82 -88 0
-82 -89 0
-82 -90 0
-83 -84 0
-83 -85 0
-83 -86 0
-83 -87 0
-83 -88 0
-83 -89 0
-83 -90 0
-84 -85 0
-84 -86 0
-84 -87 0
-84 -88 0
-84 -89 0
-84 -90 0
-85 -86 0
-85 -87 0
-85 -88 0
-85 -89 0
-85 -90 0
-86 -87 0
-86 -88 0
-86 -89 0
-86 -90 0
-87 -88 0
-87 -89 0
-87 -90 0
-88 -89 0
-88 -90 0
-89 -90 0
-76 -256 0
-77 -257 0
-78 -258 0
-79 -259 0
-80 -260 0
-81 -261 0
-82 -262 0
-83 -263 0
-84 -264 0
-85 -265 0
-86 -266 0
-87 -267 0
-88 -268 0
-89 -269 0
-90 -270 0
-76 -61 0
-77 -62 0
-78 -63 0
-79 -64 0
-80 -65 0
-81 -66 0
-82 -67 0
-83 -68 0
-84 -69 0
-85 -70 0
-86 -71 0
-87 -72 0
-88 -73 0
-89 -74 0
-90 -75 0
-76 -166 0
-77 -167 0
-78 -168 0
-79 -169 0
-80 -170 0
-81 -171 0
-82 -172 0
-83 -173 0
-84 -174 0
-85 -175 0
-86 -176 0
-87 -177 0
-88 -178 0
-89 -179 0
-90 -180 0
-76 -16 0
-77 -17 0
-78 -18 0
-79 -19 0
-80 -20 0
-81 -21 0
-82 -22 0
-83 -23 0
-84 -24 0
-85 -25 0
-86 -26 0
-87 -27 0
-88 -28 0
-89 -29 0
-90 -30 0
-76 -91 0
-77 -92 0
-78 -93 0
-79 -94 0
-80 -95 0
-81 -96 0
-82 -97 0
-83 -98 0
-84 -99 0
-85 -100 0
-86 -101 0
-87 -102 0
-88 -103 0
-89 -104 0
-90 -105 0
-76 -106 0
-77 -107 0
-78 -108 0
-79 -109 0
-80 -110 0
-81 -111 0
-82 -112 0
-83 -113 0
-84 -114 0
-85 -115 0
-86 -116 0
-87 -117 0
-88 -118 0
-89 -119 0
-90 -120 0
-76 -196 0
-77 -197 0
-78 -198 0
-79 -199 0
-80 -200 0
-81 -201 0
-82 -202 0
-83 -203 0
-84 -204 0
-85 -205 0
-86 -206 0
-87 -207 0
-88 -208 0
-89 -209 0
-90 -210 0
-76 -46 0
-77 -47 0
-78 -48 0
-79 -49 0
-80 -50 0
-81 -51 0
-82 -52 0
-83 -53 0
-84 -54 0
-85 -55 0
-86 -56 0
-87 -57 0
-88 -58 0
-89 -59 0
-90 -60 0
-76 -151 0
-77 -152 0
-78 -153 0
-79 -154 0
-80 -155 0
-81 -156 0
-82 -157 0
-83 -158 0
-84 -159 0
-85 -160 0
-86 -161 0
-87 -162 0
-88 -163 0
-89 -164 0
-90 -165 0
105 104 103 102 101 100 99 98 97 96 95 94 93 92 91 0
-91 -92 0
-91 -93 0
-91 -94 0
-91 -95 0
-91 -96 0
-91 -97 0
-91 -98 0
-91 -99 0
-91 -100 0
-91 -101 0
-91 -102 0
-91 -103 0
-91 -104 0
-91 -105 0
-92 -93 0
-92 -94 0
-92 -95 0
-92 -96 0
-92 -97 0
-92 -98 0
-92 -99 0
-92 -100 0
-92 -101 0
-92 -102 0
-92 -103 0
-92 -104 0
-92 -105 0
-93 -94 0
-93 -95 0
-93 -96 0
-93 -97 0
-93 -98 0
-93 -99 0
-93 -100 0
-93 -101 0
-93 -102 0
-93 -103 0
-93 -104 0
-93 -105 0
-94 -95 0
-94 -96 0
-94 -97 0
-94 -98 0
-94 -99 0
-94 -100 0
-94 -101 0
-94 -102 0
-94 -103 0
-94 -104 0
-94 -105 0
-95 -96 0
-95 -97 0
-95 -98 0
-95 -99 0
-95 -100 0
-95 -101 0
-95 -102 0
-95 -103 0
-95 -104 0
-95 -105 0
-96 -97 0
-96 -98 0
-96 -99 0
-96 -100 0
-96 -101 0
-96 -102 0
-96 -103 0
-96 -104 0
-96 -105 0
-97 -98 0
-97 -99 0
-97 -100 0
-97 -101 0
-97 -102 0
-97 -103 0
-97 -104 0
-97 -105 0
-98 -99 0
-98 -100 0
-98 -101 0
-98 -102 0
-98 -103 0
-98 -104 0
-98 -105 0
-99 -100 0
-99 -101 0
-99 -102 0
-99 -103 0
-99 -104 0
-99 -105 0
-100 -101 0
-100 -102 0
-100 -103 0
-100 -104 0
-100 -105 0
-101 -102 0
-101 -103 0
-101 -104 0
-101 -105 0
-102 -103 0
-102 -104 0
-102 -105 0
-103 -104 0
-103 -105 0
-104 -105 0
-91 -46 0
-92 -47 0
-93 -48 0
-94 -49 0
-95 -50 0
-96 -51 0
-97 -52 0
-98 -53 0
-99 -54 0
-100 -55 0
-101 -56 0
-102 -57 0
-103 -58 0
-104 -59 0
-105 -60 0
-91 -1 0
-92 -2 0
-93 -3 0
-94 -4 0
-95 -5 0
-96 -6 0
-97 -7 0
-98 -8 0
-99 -9 0
-100 -10 0
-101 -11 0
-102 -12 0
-103 -13 0
-104 -14 0
-105 -15 0
-91 -241 0
-92 -242 0
-93 -243 0
-94 -244 0
-95 -245 0
-96 -246 0
-97 -247 0
-98 -248 0
-99 -249 0
-100 -250 0
-101 -251 0
-102 -252 0
-103 -253 0
-104 -254 0
-105 -255 0
-91 -1 0
-92 -2 0
-93 -3 0
-94 -4 0
-95 -5 0
-96 -6 0
-97 -7 0
-98 -8 0
-99 -9 0
-100 -10 0
-101 -11 0
-102 -12 0
-103 -13 0
-104 -14 0
-105 -15 0
-91 -16 0
-92 -17 0
-93 -18 0
-94 -19 0
-95 -20 0
-96 -21 0
-97 -22 0
-98 -23 0
-99 -24 0
-100 -25 0
-101 -26 0
-102 -27 0
-103 -28 0
-104 -29 0
-105 -30 0
-91 -136 0
-92 -137 0
-93 -138 0
-94 -139 0
-95 -140 0
-96 -141 0
-97 -142 0
-98 -143 0
-99 -144 0
-100 -145 0
-101 -146 0
-102 -147 0
-103 -148 0
-104 -149 0
-105 -150 0
-91 -46 0
-92 -47 0
-93 -48 0
-94 -49 0
-95 -50 0
-96 -51 0
-97 -52 0
-98 -53 0
-99 -54 0
-100 -55 0
-101 -56 0
-102 -57 0
-103 -58 0
-104 -59 0
-105 -60 0
-91 -286 0
-92 -287 0
-93 -288 0
-94 -289 0
-95 -290 0
-96 -291 0
-97 -292 0
-98 -293 0
-99 -294 0
-100 -295 0
-101 -296 0
-102 -297 0
-103 -298 0
-104 -299 0
-105 -300 0
-91 -241 0
-92 -242 0
-93 -243 0
-94 -244 0
-95 -245 0
-96 -246 0
-97 -247 0
-98 -248 0
-99 -249 0
-100 -250 0
-101 -251 0
-102 -252 0
-103 -253 0
-104 -254 0
-105 -255 0
-91 -256 0
-92 -257 0
-93 -258 0
-94 -259 0
-95 -260 0
-96 -261 0
-97 -262 0
-98 -263 0
-99 -264 0
-100 -265 0
-101 -266 0
-102 -267 0
-103 -268 0
-104 -269 0
-105 -270 0
120 119 118 117 116 115 114 113 112 111 110 109 108 107 106 0
-106 -107 0
-106 -108 0
-106 -109 0
-106 -110 0
-106 -111 0
-106 -112 0
-106 -113 0
-106 -114 0
-106 -115 0
-106 -116 0
-106 -117 0
-106 -118 0
-106 -119 0
-106 -120 0
-107 -108 0
-107 -109 0
-107 -110 0
-107 -111 0
-107 -112 0
-107 -113 0
-107 -114 0
-107 -115 0
-107 -116 0
-107 -117 0
-107 -118 0
-107 -119 0
-107 -120 0
-108 -109 0
-108 -110 0
-108 -111 0
-108 -112 0
-108 -113 0
-108 -114 0
-108 -115 0
-108 -116 0
-108 -117 0
-108 -118 0
-108 -119 0
-108 -120 0
-109 -110 0
-109 -111 0
-109 -112 0
-109 -113 0
-109 -114 0
-109 -115 0
-109 -116 0
-109 -117 0
-109 -118 0
-109 -119 0
-109 -120 0
-110 -111 0
-110 -112 0
-110 -113 0
-110 -114 0
-110 -115 0
-110 -116 0
-110 -117 0
-110 -118 0
-110 -119 0
-110 -120 0
-111 -112 0
-111 -113 0
-111 -114 0
-111 -115 0
-111 -116 0
-111 -117 0
-111 -118 0
-111 -119 0
-111 -120 0
-112 -113 0
-112 -114 0
-112 -115 0
-112 -116 0
-112 -117 0
-112 -118 0
-112 -119 0
-112 -120 0
-113 -114 0
-113 -115 0
-113 -116 0
-113 -117 0
-113 -118 0
-113 -119 0
-113 -120 0
-114 -115 0
-114 -116 0
-114 -117 0
-114 -118 0
-114 -119 0
-114 -120 0
-115 -116 0
-115 -117 0
-115 -118 0
-115 -119 0
-115 -120 0
-116 -117 0
-116 -118 0
-116 -119 0
-116 -120 0
-117 -118 0
-117 -119 0
-117 -120 0
-118 -119 0
-118 -120 0
-119 -120 0
-106 -61 0
-107 -62 0
-108 -63 0
-109 -64 0
-110 -65 0
-111 -66 0
-112 -67 0
-113 -68 0
-114 -69 0
-115 -70 0
-116 -71 0
-117 -72 0
-118 -73 0
-119 -74 0
-120 -75 0
-106 -136 0
-107 -137 0
-108 -138 0
-109 -139 0
-110 -140 0
-111 -141 0
-112 -142 0
-113 -143 0
-114 -144 0
-115 -145 0
-116 -146 0
-117 -147 0
-118 -148 0
-119 -149 0
-120 -150 0
-106 -256 0
-107 -257 0
-108 -258 0
-109 -259 0
-110 -260 0
-111 -261 0
-112 -262 0
-113 -263 0
-114 -264 0
-115 -265 0
-116 -266 0
-117 -267 0
-118 -268 0
-119 -269 0
-120 -270 0
-106 -196 0
-107 -197 0
-108 -198 0
-109 -199 0
-110 -200 0
-111 -201 0
-112 -202 0
-113 -203 0
-114 -204 0
-115 -205 0
-116 -206 0
-117 -207 0
-118 -208 0
-119 -209 0
-120 -210 0
-106 -211 0
-107 -212 0
-108 -213 0
-109 -214 0
-110 -215 0
-111 -216 0
-112 -217 0
-113 -218 0
-114 -219 0
-115 -220 0
-116 -221 0
-117 -222 0
-118 -223 0
-119 -224 0
-120 -225 0
-106 -61 0
-107 -62 0
-108 -63 0
-109 -64 0
-110 -65 0
-111 -66 0
-112 -67 0
-113 -68 0
-114 -69 0
-115 -70 0
-116 -71 0
-117 -72 0
-118 -73 0
-119 -74 0
-120 -75 0
-106 -181 0
-107 -182 0
-108 -183 0
-109 -184 0
-110 -185 0
-111 -186 0
-112 -187 0
-113 -188 0
-114 -189 0
-115 -190 0
-116 -191 0
-117 -192 0
-118 -193 0
-119 -194 0
-120 -195 0
135 134 133 132 131 130 129 128 127 126 125 124 123 122 121 0
-121 -122 0
-121 -123 0
-121 -124 0
-121 -125 0
-121 -126 0
-121 -127 0
-121 -128 0
-121 -129 0
-121 -130 0
-121 -131 0
-121 -132 0
-121 -133 0
-121 -134 0
-121 -135 0
-122 -123 0
-122 -124 0
-122 -125 0
-122 -126 0
-122 -127 0
-122 -128 0
-122 -129 0
-122 -130 0
-122 -131 0
-122 -132 0
-122 -133 0
-122 -134 0
-122 -135 0
-123 -124 0
-123 -125 0
-123 -126 0
-123 -127 0
-123 -128 0
-123 -129 0
-123 -130 0
-123 -131 0
-123 -132 0
-123 -133 0
-123 -134 0
-123 -135 0
-124 -125 0
-124 -126 0
-124 -127 0
-124 -128 0
-124 -129 0
-124 -130 0
-124 -131 0
-124 -132 0
-124 -133 0
-124 -134 0
-124 -135 0
-125 -126 0
-125 -127 0
-125 -128 0
-125 -129 0
-125 -130 0
-125 -131 0
-125 -132 0
-125 -133 0
-125 -134 0
-125 -135 0
-126 -127 0
-126 -128 0
-126 -129 0
-126 -130 0
-126 -131 0
-126 -132 0
-126 -133 0
-126 -134 0
-126 -135 0
-127 -128 0
-127 -129 0
-127 -130 0
-127 -131 0
-127 -132 0
-127 -133 0
-127 -134 0
-127 -135 0
-128 -129 0
-128 -130 0
-128 -131 0
-128 -132 0
-128 -133 0
-128 -134 0
-128 -135 0
-129 -130 0
-129 -131 0
-129 -132 0
-129 -133 0
-129 -134 0
-129 -135 0
-130 -131 0
-130 -132 0
-130 -133 0
-130 -134 0
-130 -135 0
-131 -132 0
-131 -133 0
-131 -134 0
-131 -135 0
-132 -133 0
-132 -134 0
-132 -135 0
-133 -134 0
-133 -135 0
-134 -135 0
-121 -181 0
-122 -182 0
-123 -183 0
-124 -184 0
-125 -185 0
-126 -186 0
-127 -187 0
-128 -188 0
-129 -189 0
-130 -190 0
-131 -191 0
-132 -192 0
-133 -193 0
-134 -194 0
-135 -195 0
-121 -286 0
-122 -287 0
-123 -288 0
-124 -289 0
-125 -290 0
-126 -291 0
-127 -292 0
-128 -293 0
-129 -294 0
-130 -295 0
-131 -296 0
-132 -297 0
-133 -298 0
-134 -299 0
-135 -300 0
-121 -196 0
-122 -197 0
-123 -198 0
-124 -199 0
-125 -200 0
-126 -201 0
-127 -202 0
-128 -203 0
-129 -204 0
-130 -205 0
-131 -206 0
-132 -207 0
-133 -208 0
-134 -209 0
-135 -210 0
-121 -46 0
-122 -47 0
-123 -48 0
-124 -49 0
-125 -50 0
-126 -51 0
-127 -52 0
-128 -53 0
-129 -54 0
-130 -55 0
-131 -56 0
-132 -57 0
-133 -58 0
-134 -59 0
-135 -60 0
-121 -16 0
-122 -17 0
-123 -18 0
-124 -19 0
-125 -20 0
-126 -21 0
-127 -22 0
-128 -23 0
-129 -24 0
-130 -25 0
-131 -26 0
-132 -27 0
-133 -28 0
-134 -29 0
-135 -30 0
-121 -31 0
-122 -32 0
-123 -33 0
-124 -34 0
-125 -35 0
-126 -36 0
-127 -37 0
-128 -38 0
-129 -39 0
-130 -40 0
-131 -41 0
-132 -42 0
-133 -43 0
-134 -44 0
-135 -45 0
150 149 148 147 146 145 144 143 142 141 140 139 138 137 136 0
-136 -137 0
-136 -138 0
-136 -139 0
-136 -140 0
-136 -141 0
-136 -142 0
-136 -143 0
-136 -144 0
-136 -145 0
-136 -146 0
-136 -147 0
-136 -148 0
-136 -149 0
-136 -150 0
-137 -138 0
-137 -139 0
-137 -140 0
-137 -141 0
-137 -142 0
-137 -143 0
-137 -144 0
-137 -145 0
-137 -146 0
-137 -147 0
-137 -148 0
-137 -149 0
-137 -150 0
-138 -139 0
-138 -140 0
-138 -141 0
-138 -142 0
-138 -143 0
-138 -144 0
-138 -145 0
-138 -146 0
-138 -147 0
-138 -148 0
-138 -149 0
-138 -150 0
-139 -140 0
-139 -141 0
-139 -142 0
-139 -143 0
-139 -144 0
-139 -145 0
-139 -146 0
-139 -147 0
-139 -148 0
-139 -149 0
-139 -150 0
-140 -141 0
-140 -142 0
-140 -143 0
-140 -144 0
-140 -145 0
-140 -146 0
-140 -147 0
-140 -148 0
-140 -149 0
-140 -150 0
-141 -142 0
-141 -143 0
-141 -144 0
-141 -145 0
-141 -146 0
-141 -147 0
-141 -148 0
-141 -149 0
-141 -150 0
-142 -143 0
-142 -144 0
-142 -145 0
-142 -146 0
-142 -147 0
-142 -148 0
-142 -149 0
-142 -150 0
-143 -144 0
-143 -145 0
-143 -146 0
-143 -147 0
-143 -148 0
-143 -149 0
-143 -150 0
-144 -145 0
-144 -146 0
-144 -147 0
-144 -148 0
-144 -149 0
-144 -150 0
-145 -146 0
-145 -147 0
-145 -148 0
-145 -149 0
-145 -150 0
-146 -147 0
-146 -148 0
-146 -149 0
-146 -150 0
-147 -148 0
-147 -149 0
-147 -150 0
-148 -149 0
-148 -150 0
-149 -150 0
-136 -226 0
-137 -227 0
-138 -228 0
-139 -229 0
-140 -230 0
-141 -231 0
-142 -232 0
-143 -233 0
-144 -234 0
-145 -235 0
-146 -236 0
-147 -237 0
-148 -238 0
-149 -239 0
-150 -240 0
-136 -91 0
-137 -92 0
-138 -93 0
-139 -94 0
-140 -95 0
-141 -96 0
-142 -97 0
-143 -98 0
-144 -99 0
-145 -100 0
-146 -101 0
-147 -102 0
-148 -103 0
-149 -104 0
-150 -105 0
-136 -166 0
-137 -167 0
-138 -168 0
-139 -169 0
-140 -170 0
-141 -171 0
-142 -172 0
-143 -173 0
-144 -174 0
-145 -175 0
-146 -176 0
-147 -177 0
-148 -178 0
-149 -179 0
-150 -180 0
-136 -151 0
-137 -152 0
-138 -153 0
-139 -154 0
-140 -155 0
-141 -156 0
-142 -157 0
-143 -158 0
-144 -159 0
-145 -160 0
-146 -161 0
-147 -162 0
-148 -163 0
-149 -164 0
-150 -165 0
-136 -1 0
-137 -2 0
-138 -3 0
-139 -4 0
-140 -5 0
-141 -6 0
-142 -7 0
-143 -8 0
-144 -9 0
-145 -10 0
-146 -11 0
-147 -12 0
-148 -13 0
-149 -14 0
-150 -15 0
-136 -196 0
-137 -197 0
-138 -198 0
-139 -199 0
-140 -200 0
-141 -201 0
-142 -202 0
-143 -203 0
-144 -204 0
-145 -205 0
-146 -206 0
-147 -207 0
-148 -208 0
-149 -209 0
-150 -210 0
-136 -76 0
-137 -77 0
-138 -78 0
-139 -79 0
-140 -80 0
-141 -81 0
-142 -82 0
-143 -83 0
-144 -84 0
-145 -85 0
-146 -86 0
-147 -87 0
-148 -88 0
-149 -89 0
-150 -90 0
165 164 163 162 161 160 159 158 157 156 155 154 153 152 151 0
-151 -152 0
-151 -153 0
-151 -154 0
-151 -155 0
-151 -156 0
-151 -157 0
-151 -158 0
-151 -159 0
-151 -160 0
-151 -161 0
-151 -162 0
-151 -163 0
-151 -164 0
-151 -165 0
-152 -153 0
-152 -154 0
-152 -155 0
-152 -156 0
-152 -157 0
-152 -158 0
-152 -159 0
-152 -160 0
-152 -161 0
-152 -162 0
-152 -163 0
-152 -164 0
-152 -165 0
-153 -154 0
-153 -155 0
-153 -156 0
-153 -157 0
-153 -158 0
-153 -159 0
-153 -160 0
-153 -161 0
-153 -162 0
-153 -163 0
-153 -164 0
-153 -165 0
-154 -155 0
-154 -156 0
-154 -157 0
-154 -158 0
-154 -159 0
-154 -160 0
-154 -161 0
-154 -162 0
-154 -163 0
-154 -164 0
-154 -165 0
-155 -156 0
-155 -157 0
-155 -158 0
-155 -159 0
-155 -160 0
-155 -161 0
-155 -162 0
-155 -163 0
-155 -164 0
-155 -165 0
-156 -157 0
-156 -158 0
-156 -159 0
-156 -160 0
-156 -161 0
-156 -162 0
-156 -163 0
-156 -164 0
-156 -165 0
-157 -158 0
-157 -159 0
-157 -160 0
-157 -161 0
-157 -162 0
-157 -163 0
-157 -164 0
-157 -165 0
-158 -159 0
-158 -160 0
-158 -161 0
-158 -162 0
-158 -163 0
-158 -164 0
-158 -165 0
-159 -160 0
-159 -161 0
-159 -162 0
-159 -163 0
-159 -164 0
-159 -165 0
-160 -161 0
-160 -162 0
-160 -163 0
-160 -164 0
-160 -165 0
-161 -162 0
-161 -163 0
-161 -164 0
-161 -165 0
-162 -163 0
-162 -164 0
-162 -165 0
-163 -164 0
-163 -165 0
-164 -165 0
-151 -256 0
-152 -257 0
-153 -258 0
-154 -259 0
-155 -260 0
-156 -261 0
-157 -262 0
-158 -263 0
-159 -264 0
-160 -265 0
-161 -266 0
-162 -267 0
-163 -268 0
-164 -269 0
-165 -270 0
-151 -121 0
-152 -122 0
-153 -123 0
-154 -124 0
-155 -125 0
-156 -126 0
-157 -127 0
-158 -128 0
-159 -129 0
-160 -130 0
-161 -131 0
-162 -132 0
-163 -133 0
-164 -134 0
-165 -135 0
-151 -16 0
-152 -17 0
-153 -18 0
-154 -19 0
-155 -20 0
-156 -21 0
-157 -22 0
-158 -23 0
-159 -24 0
-160 -25 0
-161 -26 0
-162 -27 0
-163 -28 0
-164 -29 0
-165 -30 0
-151 -286 0
-152 -287 0
-153 -288 0
-154 -289 0
-155 -290 0
-156 -291 0
-157 -292 0
-158 -293 0
-159 -294 0
-160 -295 0
-161 -296 0
-162 -297 0
-163 -298 0
-164 -299 0
-165 -300 0
180 179 178 177 176 175 174 173 172 171 170 169 168 167 166 0
-166 -167 0
-166 -168 0
-166 -169 0
-166 -170 0
-166 -171 0
-166 -172 0
-166 -173 0
-166 -174 0
-166 -175 0
-166 -176 0
-166 -177 0
-166 -178 0
-166 -179 0
-166 -180 0
-167 -168 0
-167 -169 0
-167 -170 0
-167 -171 0
-167 -172 0
-167 -173 0
-167 -174 0
-167 -175 0
-167 -176 0
-167 -177 0
-167 -178 0
-167 -179 0
-167 -180 0
-168 -169 0
-168 -170 0
-168 -171 0
-168 -172 0
-168 -173 0
-168 -174 0
-168 -175 0
-168 -176 0
-168 -177 0
-168 -178 0
-168 -179 0
-168 -180 0
-169 -170 0
-169 -171 0
-169 -172 0
-169 -173 0
-169 -174 0
-169 -175 0
-169 -176 0
-169 -177 0
-169 -178 0
-169 -179 0
-169 -180 0
-170 -171 0
-170 -172 0
-170 -173 0
-170 -174 0
-170 -175 0
-170 -176 0
-170 -177 0
-170 -178 0
-170 -179 0
-170 -180 0
-171 -172 0
-171 -173 0
-171 -174 0
-171 -175 0
-171 -176 0
-171 -177 0
-171 -178 0
-171 -179 0
-171 -180 0
-172 -173 0
-172 -174 0
-172 -175 0
-172 -176 0
-172 -177 0
-172 -178 0
-172 -179 0
-172 -180 0
-173 -174 0
-173 -175 0
-173 -176 0
-173 -177 0
-173 -178 0
-173 -179 0
-173 -180 0
-174 -175 0
-174 -176 0
-174 -177 0
-174 -178 0
-174 -179 0
-174 -180 0
-175 -176 0
-175 -177 0
-175 -178 0
-175 -179 0
-175 -180 0
-176 -177 0
-176 -178 0
-176 -179 0
-176 -180 0
-177 -178 0
-177 -179 0
-177 -180 0
-178 -179 0
-178 -180 0
-179 -180 0
-166 -121 0
-167 -122 0
-168 -123 0
-169 -124 0
-170 -125 0
-171 -126 0
-172 -127 0
-173 -128 0
-174 -129 0
-175 -130 0
-176 -131 0
-177 -132 0
-178 -133 0
-179 -134 0
-180 -135 0
-166 -46 0
-167 -47 0
-168 -48 0
-169 -49 0
-170 -50 0
-171 -51 0
-172 -52 0
-173 -53 0
-174 -54 0
-175 -55 0
-176 -56 0
-177 -57 0
-178 -58 0
-179 -59 0
-180 -60 0
-166 -241 0
-167 -242 0
-168 -243 0
-169 -244 0
-170 -245 0
-171 -246 0
-172 -247 0
-173 -248 0
-174 -249 0
-175 -250 0
-176 -251 0
-177 -252 0
-178 -253 0
-179 -254 0
-180 -255 0
-166 -256 0
-167 -257 0
-168 -258 0
-169 -259 0
-170 -260 0
-171 -261 0
-172 -262 0
-173 -263 0
-174 -264 0
-175 -265 0
-176 -266 0
-177 -267 0
-178 -268 0
-179 -269 0
-180 -270 0
-166 -226 0
-167 -227 0
-168 -228 0
-169 -229 0
-170 -230 0
-171 -231 0
-172 -232 0
-173 -233 0
-174 -234 0
-175 -235 0
-176 -236 0
-177 -237 0
-178 -238 0
-179 -239 0
-180 -240 0
-166 -61 0
-167 -62 0
-168 -63 0
-169 -64 0
-170 -65 0
-171 -66 0
-172 -67 0
-173 -68 0
-174 -69 0
-175 -70 0
-176 -71 0
-177 -72 0
-178 -73 0
-179 -74 0
-180 -75 0
-166 -76 0
-167 -77 0
-168 -78 0
-169 -79 0
-170 -80 0
-171 -81 0
-172 -82 0
-173 -83 0
-174 -84 0
-175 -85 0
-176 -86 0
-177 -87 0
-178 -88 0
-179 -89 0
-180 -90 0
-166 -106 0
-167 -107 0
-168 -108 0
-169 -109 0
-170 -110 0
-171 -111 0
-172 -112 0
-173 -113 0
-174 -114 0
-175 -115 0
-176 -116 0
-177 -117 0
-178 -118 0
-179 -119 0
-180 -120 0
-166 -46 0
-167 -47 0
-168 -48 0
-169 -49 0
-170 -50 0
-171 -51 0
-172 -52 0
-173 -53 0
-174 -54 0
-175 -55 0
-176 -56 0
-177 -57 0
-178 -58 0
-179 -59 0
-180 -60 0
-166 -16 0
-167 -17 0
-168 -18 0
-169 -19 0
-170 -20 0
-171 -21 0
-172 -22 0
-173 -23 0
-174 -24 0
-175 -25 0
-176 -26 0
-177 -27 0
-178 -28 0
-179 -29 0
-180 -30 0
195 194 193 192 191 190 189 188 187 186 185 184 183 182 181 0
-181 -182 0
-181 -183 0
-181 -184 0
-181 -185 0
-181 -186 0
-181 -187 0
-181 -188 0
-181 -189 0
-181 -190 0
-181 -191 0
-181 -192 0
-181 -193 0
-181 -194 0
-181 -195 0
-182 -183 0
-182 -184 0
-182 -185 0
-182 -186 0
-182 -187 0
-182 -188 0
-182 -189 0
-182 -190 0
-182 -191 0
-182 -192 0
-182 -193 0
-182 -194 0
-182 -195 0
-183 -184 0
-183 -185 0
-183 -186 0
-183 -187 0
-183 -188 0
-183 -189 0
-183 -190 0
-183 -191 0
-183 -192 0
-183 -193 0
-183 -194 0
-183 -195 0
-184 -185 0
-184 -186 0
-184 -187 0
-184 -188 0
-184 -189 0
-184 -190 0
-184 -191 0
-184 -192 0
-184 -193 0
-184 -194 0
-184 -195 0
-185 -186 0
-185 -187 0
-185 -188 0
-185 -189 0
-185 -190 0
-185 -191 0
-185 -192 0
-185 -193 0
-185 -194 0
-185 -195 0
-186 -187 0
-186 -188 0
-186 -189 0
-186 -190 0
-186 -191 0
-186 -192 0
-186 -193 0
-186 -194 0
-186 -195 0
-187 -188 0
-187 -189 0
-187 -190 0
-187 -191 0
-187 -192 0
-187 -193 0
-187 -194 0
-187 -195 0
-188 -189 0
-188 -190 0
-188 -191 0
-188 -192 0
-188 -193 0
-188 -194 0
-188 -195 0
-189 -190 0
-189 -191 0
-189 -192 0
-189 -193 0
-189 -194 0
-189 -195 0
-190 -191 0
-190 -192 0
-190 -193 0
-190 -194 0
-190 -195 0
-191 -192 0
-191 -193 0
-191 -194 0
-191 -195 0
-192 -193 0
-192 -194 0
-192 -195 0
-193 -194 0
-193 -195 0
-194 -195 0
-181 -91 0
-182 -92 0
-183 -93 0
-184 -94 0
-185 -95 0
-186 -96 0
-187 -97 0
-188 -98 0
-189 -99 0
-190 -100 0
-191 -101 0
-192 -102 0
-193 -103 0
-194 -104 0
-195 -105 0
-181 -166 0
-182 -167 0
-183 -168 0
-184 -169 0
-185 -170 0
-186 -171 0
-187 -172 0
-188 -173 0
-189 -174 0
-190 -175 0
-191 -176 0
-192 -177 0
-193 -178 0
-194 -179 0
-195 -180 0
-181 -46 0
-182 -47 0
-183 -48 0
-184 -49 0
-185 -50 0
-186 -51 0
-187 -52 0
-188 -53 0
-189 -54 0
-190 -55 0
-191 -56 0
-192 -57 0
-193 -58 0
-194 -59 0
-195 -60 0
-181 -136 0
-182 -137 0
-183 -138 0
-184 -139 0
-185 -140 0
-186 -141 0
-187 -142 0
-188 -143 0
-189 -144 0
-190 -145 0
-191 -146 0
-192 -147 0
-193 -148 0
-194 -149 0
-195 -150 0
-181 -46 0
-182 -47 0
-183 -48 0
-184 -49 0
-185 -50 0
-186 -51 0
-187 -52 0
-188 -53 0
-189 -54 0
-190 -55 0
-191 -56 0
-192 -57 0
-193 -58 0
-194 -59 0
-195 -60 0
-181 -106 0
-182 -107 0
-183 -108 0
-184 -109 0
-185 -110 0
-186 -111 0
-187 -112 0
-188 -113 0
-189 -114 0
-190 -115 0
-191 -116 0
-192 -117 0
-193 -118 0
-194 -119 0
-195 -120 0
210 209 208 207 206 205 204 203 202 201 200 199 198 197 196 0
-196 -197 0
-196 -198 0
-196 -199 0
-196 -200 0
-196 -201 0
-196 -202 0
-196 -203 0
-196 -204 0
-196 -205 0
-196 -206 0
-196 -207 0
-196 -208 0
-196 -209 0
-196 -210 0
-197 -198 0
-197 -199 0
-197 -200 0
-197 -201 0
-197 -202 0
-197 -203 0
-197 -204 0
-197 -205 0
-197 -206 0
-197 -207 0
-197 -208 0
-197 -209 0
-197 -210 0
-198 -199 0
-198 -200 0
-198 -201 0
-198 -202 0
-198 -203 0
-198 -204 0
-198 -205 0
-198 -206 0
-198 -207 0
-198 -208 0
-198 -209 0
-198 -210 0
-199 -200 0
-199 -201 0
-199 -202 0
-199 -203 0
-199 -204 0
-199 -205 0
-199 -206 0
-199 -207 0
-199 -208 0
-199 -209 0
-199 -210 0
-200 -201 0
-200 -202 0
-200 -203 0
-200 -204 0
-200 -205 0
-200 -206 0
-200 -207 0
-200 -208 0
-200 -209 0
-200 -210 0
-201 -202 0
-201 -203 0
-201 -204 0
-201 -205 0
-201 -206 0
-201 -207 0
-201 -208 0
-201 -209 0
-201 -210 0
-202 -203 0
-202 -204 0
-202 -205 0
-202 -206 0
-202 -207 0
-202 -208 0
-202 -209 0
-202 -210 0
-203 -204 0
-203 -205 0
-203 -206 0
-203 -207 0
-203 -208 0
-203 -209 0
-203 -210 0
-204 -205 0
-204 -206 0
-204 -207 0
-204 -208 0
-204 -209 0
-204 -210 0
-205 -206 0
-205 -207 0
-205 -208 0
-205 -209 0
-205 -210 0
-206 -207 0
-206 -208 0
-206 -209 0
-206 -210 0
-207 -208 0
-207 -209 0
-207 -210 0
-208 -209 0
-208 -210 0
-209 -210 0
-196 -211 0
-197 -212 0
-198 -213 0
-199 -214 0
-200 -215 0
-201 -216 0
-202 -217 0
-203 -218 0
-204 -219 0
-205 -220 0
-206 -221 0
-207 -222 0
-208 -223 0
-209 -224 0
-210 -225 0
-196 -121 0
-197 -122 0
-198 -123 0
-199 -124 0
-200 -125 0
-201 -126 0
-202 -127 0
-203 -128 0
-204 -129 0
-205 -130 0
-206 -131 0
-207 -132 0
-208 -133 0
-209 -134 0
-210 -135 0
-196 -241 0
-197 -242 0
-198 -243 0
-199 -244 0
-200 -245 0
-201 -246 0
-202 -247 0
-203 -248 0
-204 -249 0
-205 -250 0
-206 -251 0
-207 -252 0
-208 -253 0
-209 -254 0
-210 -255 0
-196 -151 0
-197 -152 0
-198 -153 0
-199 -154 0
-200 -155 0
-201 -156 0
-202 -157 0
-203 -158 0
-204 -159 0
-205 -160 0
-206 -161 0
-207 -162 0
-208 -163 0
-209 -164 0
-210 -165 0
-196 -91 0
-197 -92 0
-198 -93 0
-199 -94 0
-200 -95 0
-201 -96 0
-202 -97 0
-203 -98 0
-204 -99 0
-205 -100 0
-206 -101 0
-207 -102 0
-208 -103 0
-209 -104 0
-210 -105 0
-196 -121 0
-197 -122 0
-198 -123 0
-199 -124 0
-200 -125 0
-201 -126 0
-202 -127 0
-203 -128 0
-204 -129 0
-205 -130 0
-206 -131 0
-207 -132 0
-208 -133 0
-209 -134 0
-210 -135 0
-196 -16 0
-197 -17 0
-198 -18 0
-199 -19 0
-200 -20 0
-201 -21 0
-202 -22 0
-203 -23 0
-204 -24 0
-205 -25 0
-206 -26 0
-207 -27 0
-208 -28 0
-209 -29 0
-210 -30 0
-196 -211 0
-197 -212 0
-198 -213 0
-199 -214 0
-200 -215 0
-201 -216 0
-202 -217 0
-203 -218 0
-204 -219 0
-205 -220 0
-206 -221 0
-207 -222 0
-208 -223 0
-209 -224 0
-210 -225 0
-196 -76 0
-197 -77 0
-198 -78 0
-199 -79 0
-200 -80 0
-201 -81 0
-202 -82 0
-203 -83 0
-204 -84 0
-205 -85 0
-206 -86 0
-207 -87 0
-208 -88 0
-209 -89 0
-210 -90 0
-196 -256 0
-197 -257 0
-198 -258 0
-199 -259 0
-200 -260 0
-201 -261 0
-202 -262 0
-203 -263 0
-204 -264 0
-205 -265 0
-206 -266 0
-207 -267 0
-208 -268 0
-209 -269 0
-210 -270 0
-196 -286 0
-197 -287 0
-198 -288 0
-199 -289 0
-200 -290 0
-201 -291 0
-202 -292 0
-203 -293 0
-204 -294 0
-205 -295 0
-206 -296 0
-207 -297 0
-208 -298 0
-209 -299 0
-210 -300 0
-196 -181 0
-197 -182 0
-198 -183 0
-199 -184 0
-200 -185 0
-201 -186 0
-202 -187 0
-203 -188 0
-204 -189 0
-205 -190 0
-206 -191 0
-207 -192 0
-208 -193 0
-209 -194 0
-210 -195 0
225 224 223 222 221 220 219 218 217 216 215 214 213 212 211 0
-211 -212 0
-211 -213 0
-211 -214 0
-211 -215 0
-211 -216 0
-211 -217 0
-211 -218 0
-211 -219 0
-211 -220 0
-211 -221 0
-211 -222 0
-211 -223 0
-211 -224 0
-211 -225 0
-212 -213 0
-212 -214 0
-212 -215 0
-212 -216 0
-212 -217 0
-212 -218 0
-212 -219 0
-212 -220 0
-212 -221 0
-212 -222 0
-212 -223 0
-212 -224 0
-212 -225 0
-213 -214 0
-213 -215 0
-213 -216 0
-213 -217 0
-213 -218 0
-213 -219 0
-213 -220 0
-213 -221 0
-213 -222 0
-213 -223 0
-213 -224 0
-213 -225 0
-214 -215 0
-214 -216 0
-214 -217 0
-214 -218 0
-214 -219 0
-214 -220 0
-214 -221 0
-214 -222 0
-214 -223 0
-214 -224 0
-214 -225 0
-215 -216 0
-215 -217 0
-215 -218 0
-215 -219 0
-215 -220 0
-215 -221 0
-215 -222 0
-215 -223 0
-215 -224 0
-215 -225 0
-216 -217 0
-216 -218 0
-216 -219 0
-216 -220 0
-216 -221 0
-216 -222 0
-216 -223 0
-216 -224 0
-216 -225 0
-217 -218 0
-217 -219 0
-217 -220 0
-217 -221 0
-217 -222 0
-217 -223 0
-217 -224 0
-217 -225 0
-218 -219 0
-218 -220 0
-218 -221 0
-218 -222 0
-218 -223 0
-218 -224 0
-218 -225 0
-219 -220 0
-219 -221 0
-219 -222 0
-219 -223 0
-219 -224 0
-219 -225 0
-220 -221 0
-220 -222 0
-220 -223 0
-220 -224 0
-220 -225 0
-221 -222 0
-221 -223 0
-221 -224 0
-221 -225 0
-222 -223 0
-222 -224 0
-222 -225 0
-223 -224 0
-223 -225 0
-224 -225 0
-211 -196 0
-212 -197 0
-213 -198 0
-214 -199 0
-215 -200 0
-216 -201 0
-217 -202 0
-218 -203 0
-219 -204 0
-220 -205 0
-221 -206 0
-222 -207 0
-223 -208 0
-224 -209 0
-225 -210 0
-211 -286 0
-212 -287 0
-213 -288 0
-214 -289 0
-215 -290 0
-216 -291 0
-217 -292 0
-218 -293 0
-219 -294 0
-220 -295 0
-221 -296 0
-222 -297 0
-223 -298 0
-224 -299 0
-225 -300 0
-211 -241 0
-212 -242 0
-213 -243 0
-214 -244 0
-215 -245 0
-216 -246 0
-217 -247 0
-218 -248 0
-219 -249 0
-220 -250 0
-221 -251 0
-222 -252 0
-223 -253 0
-224 -254 0
-225 -255 0
-211 -76 0
-212 -77 0
-213 -78 0
-214 -79 0
-215 -80 0
-216 -81 0
-217 -82 0
-218 -83 0
-219 -84 0
-220 -85 0
-221 -86 0
-222 -87 0
-223 -88 0
-224 -89 0
-225 -90 0
-211 -1 0
-212 -2 0
-213 -3 0
-214 -4 0
-215 -5 0
-216 -6 0
-217 -7 0
-218 -8 0
-219 -9 0
-220 -10 0
-221 -11 0
-222 -12 0
-223 -13 0
-224 -14 0
-225 -15 0
-211 -136 0
-212 -137 0
-213 -138 0
-214 -139 0
-215 -140 0
-216 -141 0
-217 -142 0
-218 -143 0
-219 -144 0
-220 -145 0
-221 -146 0
-222 -147 0
-223 -148 0
-224 -149 0
-225 -150 0
-211 -151 0
-212 -152 0
-213 -153 0
-214 -154 0
-215 -155 0
-216 -156 0
-217 -157 0
-218 -158 0
-219 -159 0
-220 -160 0
-221 -161 0
-222 -162 0
-223 -163 0
-224 -164 0
-225 -165 0
-211 -181 0
-212 -182 0
-213 -183 0
-214 -184 0
-215 -185 0
-216 -186 0
-217 -187 0
-218 -188 0
-219 -189 0
-220 -190 0
-221 -191 0
-222 -192 0
-223 -193 0
-224 -194 0
-225 -195 0
-211 -46 0
-212 -47 0
-213 -48 0
-214 -49 0
-215 -50 0
-216 -51 0
-217 -52 0
-218 -53 0
-219 -54 0
-220 -55 0
-221 -56 0
-222 -57 0
-223 -58 0
-224 -59 0
-225 -60 0
-211 -181 0
-212 -182 0
-213 -183 0
-214 -184 0
-215 -185 0
-216 -186 0
-217 -187 0
-218 -188 0
-219 -189 0
-220 -190 0
-221 -191 0
-222 -192 0
-223 -193 0
-224 -194 0
-225 -195 0
-211 -1 0
-212 -2 0
-213 -3 0
-214 -4 0
-215 -5 0
-216 -6 0
-217 -7 0
-218 -8 0
-219 -9 0
-220 -10 0
-221 -11 0
-222 -12 0
-223 -13 0
-224 -14 0
-225 -15 0
-211 -76 0
-212 -77 0
-213 -78 0
-214 -79 0
-215 -80 0
-216 -81 0
-217 -82 0
-218 -83 0
-219 -84 0
-220 -85 0
-221 -86 0
-222 -87 0
-223 -88 0
-224 -89 0
-225 -90 0
240 239 238 237 236 235 234 233 232 231 230 229 228 227 226 0
-226 -227 0
-226 -228 0
-226 -229 0
-226 -230 0
-226 -231 0
-226 -232 0
-226 -233 0
-226 -234 0
-226 -235 0
-226 -236 0
-226 -237 0
-226 -238 0
-226 -239 0
-226 -240 0
-227 -228 0
-227 -229 0
-227 -230 0
-227 -231 0
-227 -232 0
-227 -233 0
-227 -234 0
-227 -235 0
-227 -236 0
-227 -237 0
-227 -238 0
-227 -239 0
-227 -240 0
-228 -229 0
-228 -230 0
-228 -231 0
-228 -232 0
-228 -233 0
-228 -234 0
-228 -235 0
-228 -236 0
-228 -237 0
-228 -238 0
-228 -239 0
-228 -240 0
-229 -230 0
-229 -231 0
-229 -232 0
-229 -233 0
-229 -234 0
-229 -235 0
-229 -236 0
-229 -237 0
-229 -238 0
-229 -239 0
-229 -240 0
-230 -231 0
-230 -232 0
-230 -233 0
-230 -234 0
-230 -235 0
-230 -236 0
-230 -237 0
-230 -238 0
-230 -239 0
-230 -240 0
-231 -232 0
-231 -233 0
-231 -234 0
-231 -235 0
-231 -236 0
-231 -237 0
-231 -238 0
-231 -239 0
-231 -240 0
-232 -233 0
-232 -234 0
-232 -235 0
-232 -236 0
-232 -237 0
-232 -238 0
-232 -239 0
-232 -240 0
-233 -234 0
-233 -235 0
-233 -236 0
-233 -237 0
-233 -238 0
-233 -239 0
-233 -240 0
-234 -235 0
-234 -236 0
-234 -237 0
-234 -238 0
-234 -239 0
-234 -240 0
-235 -236 0
-235 -237 0
-235 -238 0
-235 -239 0
-235 -240 0
-236 -237 0
-236 -238 0
-236 -239 0
-236 -240 0
-237 -238 0
-237 -239 0
-237 -240 0
-238 -239 0
-238 -240 0
-239 -240 0
-226 -286 0
-227 -287 0
-228 -288 0
-229 -289 0
-230 -290 0
-231 -291 0
-232 -292 0
-233 -293 0
-234 -294 0
-235 -295 0
-236 -296 0
-237 -297 0
-238 -298 0
-239 -299 0
-240 -300 0
-226 -61 0
-227 -62 0
-228 -63 0
-229 -64 0
-230 -65 0
-231 -66 0
-232 -67 0
-233 -68 0
-234 -69 0
-235 -70 0
-236 -71 0
-237 -72 0
-238 -73 0
-239 -74 0
-240 -75 0
-226 -106 0
-227 -107 0
-228 -108 0
-229 -109 0
-230 -110 0
-231 -111 0
-232 -112 0
-233 -113 0
-234 -114 0
-235 -115 0
-236 -116 0
-237 -117 0
-238 -118 0
-239 -119 0
-240 -120 0
-226 -211 0
-227 -212 0
-228 -213 0
-229 -214 0
-230 -215 0
-231 -216 0
-232 -217 0
-233 -218 0
-234 -219 0
-235 -220 0
-236 -221 0
-237 -222 0
-238 -223 0
-239 -224 0
-240 -225 0
-226 -151 0
-227 -152 0
-228 -153 0
-229 -154 0
-230 -155 0
-231 -156 0
-232 -157 0
-233 -158 0
-234 -159 0
-235 -160 0
-236 -161 0
-237 -162 0
-238 -163 0
-239 -164 0
-240 -165 0
-226 -256 0
-227 -257 0
-228 -258 0
-229 -259 0
-230 -260 0
-231 -261 0
-232 -262 0
-233 -263 0
-234 -264 0
-235 -265 0
-236 -266 0
-237 -267 0
-238 -268 0
-239 -269 0
-240 -270 0
-226 -1 0
-227 -2 0
-228 -3 0
-229 -4 0
-230 -5 0
-231 -6 0
-232 -7 0
-233 -8 0
-234 -9 0
-235 -10 0
-236 -11 0
-237 -12 0
-238 -13 0
-239 -14 0
-240 -15 0
-226 -196 0
-227 -197 0
-228 -198 0
-229 -199 0
-230 -200 0
-231 -201 0
-232 -202 0
-233 -203 0
-234 -204 0
-235 -205 0
-236 -206 0
-237 -207 0
-238 -208 0
-239 -209 0
-240 -210 0
255 254 253 252 251 250 249 248 247 246 245 244 243 242 241 0
-241 -242 0
-241 -243 0
-241 -244 0
-241 -245 0
-241 -246 0
-241 -247 0
-241 -248 0
-241 -249 0
-241 -250 0
-241 -251 0
-241 -252 0
-241 -253 0
-241 -254 0
-241 -255 0
-242 -243 0
-242 -244 0
-242 -245 0
-242 -246 0
-242 -247 0
-242 -248 0
-242 -249 0
-242 -250 0
-242 -251 0
-242 -252 0
-242 -253 0
-242 -254 0
-242 -255 0
-243 -244 0
-243 -245 0
-243 -246 0
-243 -247 0
-243 -248 0
-243 -249 0
-243 -250 0
-243 -251 0
-243 -252 0
-243 -253 0
-243 -254 0
-243 -255 0
-244 -245 0
-244 -246 0
-244 -247 0
-244 -248 0
-244 -249 0
-244 -250 0
-244 -251 0
-244 -252 0
-244 -253 0
-244 -254 0
-244 -255 0
-245 -246 0
-245 -247 0
-245 -248 0
-245 -249 0
-245 -250 0
-245 -251 0
-245 -252 0
-245 -253 0
-245 -254 0
-245 -255 0
-246 -247 0
-246 -248 0
-246 -249 0
-246 -250 0
-246 -251 0
-246 -252 0
-246 -253 0
-246 -254 0
-246 -255 0
-247 -248 0
-247 -249 0
-247 -250 0
-247 -251 0
-247 -252 0
-247 -253 0
-247 -254 0
-247 -255 0
-248 -249 0
-248 -250 0
-248 -251 0
-248 -252 0
-248 -253 0
-248 -254 0
-248 -255 0
-249 -250 0
-249 -251 0
-249 -252 0
-249 -253 0
-249 -254 0
-249 -255 0
-250 -251 0
-250 -252 0
-250 -253 0
-250 -254 0
-250 -255 0
-251 -252 0
-251 -253 0
-251 -254 0
-251 -255 0
-252 -253 0
-252 -254 0
-252 -255 0
-253 -254 0
-253 -255 0
-254 -255 0
-241 -181 0
-242 -182 0
-243 -183 0
-244 -184 0
-245 -185 0
-246 -186 0
-247 -187 0
-248 -188 0
-249 -189 0
-250 -190 0
-251 -191 0
-252 -192 0
-253 -193 0
-254 -194 0
-255 -195 0
-241 -1 0
-242 -2 0
-243 -3 0
-244 -4 0
-245 -5 0
-246 -6 0
-247 -7 0
-248 -8 0
-249 -9 0
-250 -10 0
-251 -11 0
-252 -12 0
-253 -13 0
-254 -14 0
-255 -15 0
-241 -166 0
-242 -167 0
-243 -168 0
-244 -169 0
-245 -170 0
-246 -171 0
-247 -172 0
-248 -173 0
-249 -174 0
-250 -175 0
-251 -176 0
-252 -177 0
-253 -178 0
-254 -179 0
-255 -180 0
-241 -46 0
-242 -47 0
-243 -48 0
-244 -49 0
-245 -50 0
-246 -51 0
-247 -52 0
-248 -53 0
-249 -54 0
-250 -55 0
-251 -56 0
-252 -57 0
-253 -58 0
-254 -59 0
-255 -60 0
-241 -91 0
-242 -92 0
-243 -93 0
-244 -94 0
-245 -95 0
-246 -96 0
-247 -97 0
-248 -98 0
-249 -99 0
-250 -100 0
-251 -101 0
-252 -102 0
-253 -103 0
-254 -104 0
-255 -105 0
270 269 268 267 266 265 264 263 262 261 260 259 258 257 256 0
-256 -257 0
-256 -258 0
-256 -259 0
-256 -260 0
-256 -261 0
-256 -262 0
-256 -263 0
-256 -264 0
-256 -265 0
-256 -266 0
-256 -267 0
-256 -268 0
-256 -269 0
-256 -270 0
-257 -258 0
-257 -259 0
-257 -260 0
-257 -261 0
-257 -262 0
-257 -263 0
-257 -264 0
-257 -265 0
-257 -266 0
-257 -267 0
-257 -268 0
-257 -269 0
-257 -270 0
-258 -259 0
-258 -260 0
-258 -261 0
-258 -262 0
-258 -263 0
-258 -264 0
-258 -265 0
-258 -266 0
-258 -267 0
-258 -268 0
-258 -269 0
-258 -270 0
-259 -260 0
-259 -261 0
-259 -262 0
-259 -263 0
-259 -264 0
-259 -265 0
-259 -266 0
-259 -267 0
-259 -268 0
-259 -269 0
-259 -270 0
-260 -261 0
-260 -262 0
-260 -263 0
-260 -264 0
-260 -265 0
-260 -266 0
-260 -267 0
-260 -268 0
-260 -269 0
-260 -270 0
-261 -262 0
-261 -263 0
-261 -264 0
-261 -265 0
-261 -266 0
-261 -267 0
-261 -268 0
-261 -269 0
-261 -270 0
-262 -263 0
-262 -264 0
-262 -265 0
-262 -266 0
-262 -267 0
-262 -268 0
-262 -269 0
-262 -270 0
-263 -264 0
-263 -265 0
-263 -266 0
-263 -267 0
-263 -268 0
-263 -269 0
-263 -270 0
-264 -265 0
-264 -266 0
-264 -267 0
-264 -268 0
-264 -269 0
-264 -270 0
-265 -266 0
-265 -267 0
-265 -268 0
-265 -269 0
-265 -270 0
-266 -267 0
-266 -268 0
-266 -269 0
-266 -270 0
-267 -268 0
-267 -269 0
-267 -270 0
-268 -269 0
-268 -270 0
-269 -270 0
-256 -226 0
-257 -227 0
-258 -228 0
-259 -229 0
-260 -230 0
-261 -231 0
-262 -232 0
-263 -233 0
-264 -234 0
-265 -235 0
-266 -236 0
-267 -237 0
-268 -238 0
-269 -239 0
-270 -240 0
-256 -136 0
-257 -137 0
-258 -138 0
-259 -139 0
-260 -140 0
-261 -141 0
-262 -142 0
-263 -143 0
-264 -144 0
-265 -145 0
-266 -146 0
-267 -147 0
-268 -148 0
-269 -149 0
-270 -150 0
-256 -46 0
-257 -47 0
-258 -48 0
-259 -49 0
-260 -50 0
-261 -51 0
-262 -52 0
-263 -53 0
-264 -54 0
-265 -55 0
-266 -56 0
-267 -57 0
-268 -58 0
-269 -59 0
-270 -60 0
285 284 283 282 281 280 279 278 277 276 275 274 273 272 271 0
-271 -272 0
-271 -273 0
-271 -274 0
-271 -275 0
-271 -276 0
-271 -277 0
-271 -278 0
-271 -279 0
-271 -280 0
-271 -281 0
-271 -282 0
-271 -283 0
-271 -284 0
-271 -285 0
-272 -273 0
-272 -274 0
-272 -275 0
-272 -276 0
-272 -277 0
-272 -278 0
-272 -279 0
-272 -280 0
-272 -281 0
-272 -282 0
-272 -283 0
-272 -284 0
-272 -285 0
-273 -274 0
-273 -275 0
-273 -276 0
-273 -277 0
-273 -278 0
-273 -279 0
-273 -280 0
-273 -281 0
-273 -282 0
-273 -283 0
-273 -284 0
-273 -285 0
-274 -275 0
-274 -276 0
-274 -277 0
-274 -278 0
-274 -279 0
-274 -280 0
-274 -281 0
-274 -282 0
-274 -283 0
-274 -284 0
-274 -285 0
-275 -276 0
-275 -277 0
-275 -278 0
-275 -279 0
-275 -280 0
-275 -281 0
-275 -282 0
-275 -283 0
-275 -284 0
-275 -285 0
-276 -277 0
-276 -278 0
-276 -279 0
-276 -280 0
-276 -281 0
-276 -282 0
-276 -283 0
-276 -284 0
-276 -285 0
-277 -278 0
-277 -279 0
-277 -280 0
-277 -281 0
-277 -282 0
-277 -283 0
-277 -284 0
-277 -285 0
-278 -279 0
-278 -280 0
-278 -281 0
-278 -282 0
-278 -283 0
-278 -284 0
-278 -285 0
-279 -280 0
-279 -281 0
-279 -282 0
-279 -283 0
-279 -284 0
-279 -285 0
-280 -281 0
-280 -282 0
-280 -283 0
-280 -284 0
-280 -285 0
-281 -282 0
-281 -283 0
-281 -284 0
-281 -285 0
-282 -283 0
-282 -284 0
-282 -285 0
-283 -284 0
-283 -285 0
-284 -285 0
-271 -16 0
-272 -17 0
-273 -18 0
-274 -19 0
-275 -20 0
-276 -21 0
-277 -22 0
-278 -23 0
-279 -24 0
-280 -25 0
-281 -26 0
-282 -27 0
-283 -28 0
-284 -29 0
-285 -30 0
-271 -91 0
-272 -92 0
-273 -93 0
-274 -94 0
-275 -95 0
-276 -96 0
-277 -97 0
-278 -98 0
-279 -99 0
-280 -100 0
-281 -101 0
-282 -102 0
-283 -103 0
-284 -104 0
-285 -105 0
-271 -166 0
-272 -167 0
-273 -168 0
-274 -169 0
-275 -170 0
-276 -171 0
-277 -172 0
-278 -173 0
-279 -174 0
-280 -175 0
-281 -176 0
-282 -177 0
-283 -178 0
-284 -179 0
-285 -180 0
-271 -256 0
-272 -257 0
-273 -258 0
-274 -259 0
-275 -260 0
-276 -261 0
-277 -262 0
-278 -263 0
-279 -264 0
-280 -265 0
-281 -266 0
-282 -267 0
-283 -268 0
-284 -269 0
-285 -270 0
-271 -46 0
-272 -47 0
-273 -48 0
-274 -49 0
-275 -50 0
-276 -51 0
-277 -52 0
-278 -53 0
-279 -54 0
-280 -55 0
-281 -56 0
-282 -57 0
-283 -58 0
-284 -59 0
-285 -60 0
-271 -121 0
-272 -122 0
-273 -123 0
-274 -124 0
-275 -125 0
-276 -126 0
-277 -127 0
-278 -128 0
-279 -129 0
-280 -130 0
-281 -131 0
-282 -132 0
-283 -133 0
-284 -134 0
-285 -135 0
300 299 298 297 296 295 294 293 292 291 290 289 288 287 286 0
-286 -287 0
-286 -288 0
-286 -289 0
-286 -290 0
-286 -291 0
-286 -292 0
-286 -293 0
-286 -294 0
-286 -295 0
-286 -296 0
-286 -297 0
-286 -298 0
-286 -299 0
-286 -300 0
-287 -288 0
-287 -289 0
-287 -290 0
-287 -291 0
-287 -292 0
-287 -293 0
-287 -294 0
-287 -295 0
-287 -296 0
-287 -297 0
-287 -298 0
-287 -299 0
-287 -300 0
-288 -289 0
-288 -290 0
-288 -291 0
-288 -292 0
-288 -293 0
-288 -294 0
-288 -295 0
-288 -296 0
-288 -297 0
-288 -298 0
-288 -299 0
-288 -300 0
-289 -290 0
-289 -291 0
-289 -292 0
-289 -293 0
-289 -294 0
-289 -295 0
-289 -296 0
-289 -297 0
-289 -298 0
-289 -299 0
-289 -300 0
-290 -291 0
-290 -292 0
-290 -293 0
-290 -294 0
-290 -295 0
-290 -296 0
-290 -297 0
-290 -298 0
-290 -299 0
-290 -300 0
-291 -292 0
-291 -293 0
-291 -294 0
-291 -295 0
-291 -296 0
-291 -297 0
-291 -298 0
-291 -299 0
-291 -300 0
-292 -293 0
-292 -294 0
-292 -295 0
-292 -296 0
-292 -297 0
-292 -298 0
-292 -299 0
-292 -300 0
-293 -294 0
-293 -295 0
-293 -296 0
-293 -297 0
-293 -298 0
-293 -299 0
-293 -300 0
-294 -295 0
-294 -296 0
-294 -297 0
-294 -298 0
-294 -299 0
-294 -300 0
-295 -296 0
-295 -297 0
-295 -298 0
-295 -299 0
-295 -300 0
-296 -297 0
-296 -298 0
-296 -299 0
-296 -300 0
-297 -298 0
-297 -299 0
-297 -300 0
-298 -299 0
-298 -300 0
-299 -300 0
-286 -196 0
-287 -197 0
-288 -198 0
-289 -199 0
-290 -200 0
-291 -201 0
-292 -202 0
-293 -203 0
-294 -204 0
-295 -205 0
-296 -206 0
-297 -207 0
-298 -208 0
-299 -209 0
-300 -210 0
-286 -61 0
-287 -62 0
-288 -63 0
-289 -64 0
-290 -65 0
-291 -66 0
-292 -67 0
-293 -68 0
-294 -69 0
-295 -70 0
-296 -71 0
-297 -72 0
-298 -73 0
-299 -74 0
-300 -75 0
-286 -151 0
-287 -152 0
-288 -153 0
-289 -154 0
-290 -155 0
-291 -156 0
-292 -157 0
-293 -158 0
-294 -159 0
-295 -160 0
-296 -161 0
-297 -162 0
-298 -163 0
-299 -164 0
-300 -165 0
-286 -226 0
-287 -227 0
-288 -228 0
-289 -229 0
-290 -230 0
-291 -231 0
-292 -232 0
-293 -233 0
-294 -234 0
-295 -235 0
-296 -236 0
-297 -237 0
-298 -238 0
-299 -239 0
-300 -240 0
-286 -211 0
-287 -212 0
-288 -213 0
-289 -214 0
-290 -215 0
-291 -216 0
-292 -217 0
-293 -218 0
-294 -219 0
-295 -220 0
-296 -221 0
-297 -222 0
-298 -223 0
-299 -224 0
-300 -225 0
-286 -1 0
-287 -2 0
-288 -3 0
-289 -4 0
-290 -5 0
-291 -6 0
-292 -7 0
-293 -8 0
-294 -9 0
-295 -10 0
-296 -11 0
-297 -12 0
-298 -13 0
-299 -14 0
-300 -15 0
1 0
197 0
