c Graph Colouring to DIMACS
p cnf 405 5669
15 14 13 12 11 10 9 8 7 6 5 4 3 2 1 0
-1 -2 0
-1 -3 0
-1 -4 0
-1 -5 0
-1 -6 0
-1 -7 0
-1 -8 0
-1 -9 0
-1 -10 0
-1 -11 0
-1 -12 0
-1 -13 0
-1 -14 0
-1 -15 0
-2 -3 0
-2 -4 0
-2 -5 0
-2 -6 0
-2 -7 0
-2 -8 0
-2 -9 0
-2 -10 0
-2 -11 0
-2 -12 0
-2 -13 0
-2 -14 0
-2 -15 0
-3 -4 0
-3 -5 0
-3 -6 0
-3 -7 0
-3 -8 0
-3 -9 0
-3 -10 0
-3 -11 0
-3 -12 0
-3 -13 0
-3 -14 0
-3 -15 0
-4 -5 0
-4 -6 0
-4 -7 0
-4 -8 0
-4 -9 0
-4 -10 0
-4 -11 0
-4 -12 0
-4 -13 0
-4 -14 0
-4 -15 0
-5 -6 0
-5 -7 0
-5 -8 0
-5 -9 0
-5 -10 0
-5 -11 0
-5 -12 0
-5 -13 0
-5 -14 0
-5 -15 0
-6 -7 0
-6 -8 0
-6 -9 0
-6 -10 0
-6 -11 0
-6 -12 0
-6 -13 0
-6 -14 0
-6 -15 0
-7 -8 0
-7 -9 0
-7 -10 0
-7 -11 0
-7 -12 0
-7 -13 0
-7 -14 0
-7 -15 0
-8 -9 0
-8 -10 0
-8 -11 0
-8 -12 0
-8 -13 0
-8 -14 0
-8 -15 0
-9 -10 0
-9 -11 0
-9 -12 0
-9 -13 0
-9 -14 0
-9 -15 0
-10 -11 0
-10 -12 0
-10 -13 0
-10 -14 0
-10 -15 0
-11 -12 0
-11 -13 0
-11 -14 0
-11 -15 0
-12 -13 0
-12 -14 0
-12 -15 0
-13 -14 0
-13 -15 0
-14 -15 0
-1 -106 0
-2 -107 0
-3 -108 0
-4 -109 0
-5 -110 0
-6 -111 0
-7 -112 0
-8 -113 0
-9 -114 0
-10 -115 0
-11 -116 0
-12 -117 0
-13 -118 0
-14 -119 0
-15 -120 0
-1 -151 0
-2 -152 0
-3 -153 0
-4 -154 0
-5 -155 0
-6 -156 0
-7 -157 0
-8 -158 0
-9 -159 0
-10 -160 0
-11 -161 0
-12 -162 0
-13 -163 0
-14 -164 0
-15 -165 0
-1 -16 0
-2 -17 0
-3 -18 0
-4 -19 0
-5 -20 0
-6 -21 0
-7 -22 0
-8 -23 0
-9 -24 0
-10 -25 0
-11 -26 0
-12 -27 0
-13 -28 0
-14 -29 0
-15 -30 0
-1 -196 0
-2 -197 0
-3 -198 0
-4 -199 0
-5 -200 0
-6 -201 0
-7 -202 0
-8 -203 0
-9 -204 0
-10 -205 0
-11 -206 0
-12 -207 0
-13 -208 0
-14 -209 0
-15 -210 0
-1 -31 0
-2 -32 0
-3 -33 0
-4 -34 0
-5 -35 0
-6 -36 0
-7 -37 0
-8 -38 0
-9 -39 0
-10 -40 0
-11 -41 0
-12 -42 0
-13 -43 0
-14 -44 0
-15 -45 0
-1 -256 0
-2 -257 0
-3 -258 0
-4 -259 0
-5 -260 0
-6 -261 0
-7 -262 0
-8 -263 0
-9 -264 0
-10 -265 0
-11 -266 0
-12 -267 0
-13 -268 0
-14 -269 0
-15 -270 0
30 29 28 27 26 25 24 23 22 21 20 19 18 17 16 0
-16 -17 0
-16 -18 0
-16 -19 0
-16 -20 0
-16 -21 0
-16 -22 0
-16 -23 0
-16 -24 0
-16 -25 0
-16 -26 0
-16 -27 0
-16 -28 0
-16 -29 0
-16 -30 0
-17 -18 0
-17 -19 0
-17 -20 0
-17 -21 0
-17 -22 0
-17 -23 0
-17 -24 0
-17 -25 0
-17 -26 0
-17 -27 0
-17 -28 0
-17 -29 0
-17 -30 0
-18 -19 0
-18 -20 0
-18 -21 0
-18 -22 0
-18 -23 0
-18 -24 0
-18 -25 0
-18 -26 0
-18 -27 0
-18 -28 0
-18 -29 0
-18 -30 0
-19 -20 0
-19 -21 0
-19 -22 0
-19 -23 0
-19 -24 0
-19 -25 0
-19 -26 0
-19 -27 0
-19 -28 0
-19 -29 0
-19 -30 0
-20 -21 0
-20 -22 0
-20 -23 0
-20 -24 0
-20 -25 0
-20 -26 0
-20 -27 0
-20 -28 0
-20 -29 0
-20 -30 0
-21 -22 0
-21 -23 0
-21 -24 0
-21 -25 0
-21 -26 0
-21 -27 0
-21 -28 0
-21 -29 0
-21 -30 0
-22 -23 0
-22 -24 0
-22 -25 0
-22 -26 0
-22 -27 0
-22 -28 0
-22 -29 0
-22 -30 0
-23 -24 0
-23 -25 0
-23 -26 0
-23 -27 0
-23 -28 0
-23 -29 0
-23 -30 0
-24 -25 0
-24 -26 0
-24 -27 0
-24 -28 0
-24 -29 0
-24 -30 0
-25 -26 0
-25 -27 0
-25 -28 0
-25 -29 0
-25 -30 0
-26 -27 0
-26 -28 0
-26 -29 0
-26 -30 0
-27 -28 0
-27 -29 0
-27 -30 0
-28 -29 0
-28 -30 0
-29 -30 0
-16 -76 0
-17 -77 0
-18 -78 0
-19 -79 0
-20 -80 0
-21 -81 0
-22 -82 0
-23 -83 0
-24 -84 0
-25 -85 0
-26 -86 0
-27 -87 0
-28 -88 0
-29 -89 0
-30 -90 0
-16 -316 0
-17 -317 0
-18 -318 0
-19 -319 0
-20 -320 0
-21 -321 0
-22 -322 0
-23 -323 0
-24 -324 0
-25 -325 0
-26 -326 0
-27 -327 0
-28 -328 0
-29 -329 0
-30 -330 0
45 44 43 42 41 40 39 38 37 36 35 34 33 32 31 0
-31 -32 0
-31 -33 0
-31 -34 0
-31 -35 0
-31 -36 0
-31 -37 0
-31 -38 0
-31 -39 0
-31 -40 0
-31 -41 0
-31 -42 0
-31 -43 0
-31 -44 0
-31 -45 0
-32 -33 0
-32 -34 0
-32 -35 0
-32 -36 0
-32 -37 0
-32 -38 0
-32 -39 0
-32 -40 0
-32 -41 0
-32 -42 0
-32 -43 0
-32 -44 0
-32 -45 0
-33 -34 0
-33 -35 0
-33 -36 0
-33 -37 0
-33 -38 0
-33 -39 0
-33 -40 0
-33 -41 0
-33 -42 0
-33 -43 0
-33 -44 0
-33 -45 0
-34 -35 0
-34 -36 0
-34 -37 0
-34 -38 0
-34 -39 0
-34 -40 0
-34 -41 0
-34 -42 0
-34 -43 0
-34 -44 0
-34 -45 0
-35 -36 0
-35 -37 0
-35 -38 0
-35 -39 0
-35 -40 0
-35 -41 0
-35 -42 0
-35 -43 0
-35 -44 0
-35 -45 0
-36 -37 0
-36 -38 0
-36 -39 0
-36 -40 0
-36 -41 0
-36 -42 0
-36 -43 0
-36 -44 0
-36 -45 0
-37 -38 0
-37 -39 0
-37 -40 0
-37 -41 0
-37 -42 0
-37 -43 0
-37 -44 0
-37 -45 0
-38 -39 0
-38 -40 0
-38 -41 0
-38 -42 0
-38 -43 0
-38 -44 0
-38 -45 0
-39 -40 0
-39 -41 0
-39 -42 0
-39 -43 0
-39 -44 0
-39 -45 0
-40 -41 0
-40 -42 0
-40 -43 0
-40 -44 0
-40 -45 0
-41 -42 0
-41 -43 0
-41 -44 0
-41 -45 0
-42 -43 0
-42 -44 0
-42 -45 0
-43 -44 0
-43 -45 0
-44 -45 0
-31 -301 0
-32 -302 0
-33 -303 0
-34 -304 0
-35 -305 0
-36 -306 0
-37 -307 0
-38 -308 0
-39 -309 0
-40 -310 0
-41 -311 0
-42 -312 0
-43 -313 0
-44 -314 0
-45 -315 0
-31 -286 0
-32 -287 0
-33 -288 0
-34 -289 0
-35 -290 0
-36 -291 0
-37 -292 0
-38 -293 0
-39 -294 0
-40 -295 0
-41 -296 0
-42 -297 0
-43 -298 0
-44 -299 0
-45 -300 0
-31 -61 0
-32 -62 0
-33 -63 0
-34 -64 0
-35 -65 0
-36 -66 0
-37 -67 0
-38 -68 0
-39 -69 0
-40 -70 0
-41 -71 0
-42 -72 0
-43 -73 0
-44 -74 0
-45 -75 0
-31 -151 0
-32 -152 0
-33 -153 0
-34 -154 0
-35 -155 0
-36 -156 0
-37 -157 0
-38 -158 0
-39 -159 0
-40 -160 0
-41 -161 0
-42 -162 0
-43 -163 0
-44 -164 0
-45 -165 0
-31 -106 0
-32 -107 0
-33 -108 0
-34 -109 0
-35 -110 0
-36 -111 0
-37 -112 0
-38 -113 0
-39 -114 0
-40 -115 0
-41 -116 0
-42 -117 0
-43 -118 0
-44 -119 0
-45 -120 0
-31 -61 0
-32 -62 0
-33 -63 0
-34 -64 0
-35 -65 0
-36 -66 0
-37 -67 0
-38 -68 0
-39 -69 0
-40 -70 0
-41 -71 0
-42 -72 0
-43 -73 0
-44 -74 0
-45 -75 0
-31 -166 0
-32 -167 0
-33 -168 0
-34 -169 0
-35 -170 0
-36 -171 0
-37 -172 0
-38 -173 0
-39 -174 0
-40 -175 0
-41 -176 0
-42 -177 0
-43 -178 0
-44 -179 0
-45 -180 0
-31 -166 0
-32 -167 0
-33 -168 0
-34 -169 0
-35 -170 0
-36 -171 0
-37 -172 0
-38 -173 0
-39 -174 0
-40 -175 0
-41 -176 0
-42 -177 0
-43 -178 0
-44 -179 0
-45 -180 0
-31 -76 0
-32 -77 0
-33 -78 0
-34 -79 0
-35 -80 0
-36 -81 0
-37 -82 0
-38 -83 0
-39 -84 0
-40 -85 0
-41 -86 0
-42 -87 0
-43 -88 0
-44 -89 0
-45 -90 0
-31 -196 0
-32 -197 0
-33 -198 0
-34 -199 0
-35 -200 0
-36 -201 0
-37 -202 0
-38 -203 0
-39 -204 0
-40 -205 0
-41 -206 0
-42 -207 0
-43 -208 0
-44 -209 0
-45 -210 0
60 59 58 57 56 55 54 53 52 51 50 49 48 47 46 0
-46 -47 0
-46 -48 0
-46 -49 0
-46 -50 0
-46 -51 0
-46 -52 0
-46 -53 0
-46 -54 0
-46 -55 0
-46 -56 0
-46 -57 0
-46 -58 0
-46 -59 0
-46 -60 0
-47 -48 0
-47 -49 0
-47 -50 0
-47 -51 0
-47 -52 0
-47 -53 0
-47 -54 0
-47 -55 0
-47 -56 0
-47 -57 0
-47 -58 0
-47 -59 0
-47 -60 0
-48 -49 0
-48 -50 0
-48 -51 0
-48 -52 0
-48 -53 0
-48 -54 0
-48 -55 0
-48 -56 0
-48 -57 0
-48 -58 0
-48 -59 0
-48 -60 0
-49 -50 0
-49 -51 0
-49 -52 0
-49 -53 0
-49 -54 0
-49 -55 0
-49 -56 0
-49 -57 0
-49 -58 0
-49 -59 0
-49 -60 0
-50 -51 0
-50 -52 0
-50 -53 0
-50 -54 0
-50 -55 0
-50 -56 0
-50 -57 0
-50 -58 0
-50 -59 0
-50 -60 0
-51 -52 0
-51 -53 0
-51 -54 0
-51 -55 0
-51 -56 0
-51 -57 0
-51 -58 0
-51 -59 0
-51 -60 0
-52 -53 0
-52 -54 0
-52 -55 0
-52 -56 0
-52 -57 0
-52 -58 0
-52 -59 0
-52 -60 0
-53 -54 0
-53 -55 0
-53 -56 0
-53 -57 0
-53 -58 0
-53 -59 0
-53 -60 0
-54 -55 0
-54 -56 0
-54 -57 0
-54 -58 0
-54 -59 0
-54 -60 0
-55 -56 0
-55 -57 0
-55 -58 0
-55 -59 0
-55 -60 0
-56 -57 0
-56 -58 0
-56 -59 0
-56 -60 0
-57 -58 0
-57 -59 0
-57 -60 0
-58 -59 0
-58 -60 0
-59 -60 0
-46 -1 0
-47 -2 0
-48 -3 0
-49 -4 0
-50 -5 0
-51 -6 0
-52 -7 0
-53 -8 0
-54 -9 0
-55 -10 0
-56 -11 0
-57 -12 0
-58 -13 0
-59 -14 0
-60 -15 0
-46 -166 0
-47 -167 0
-48 -168 0
-49 -169 0
-50 -170 0
-51 -171 0
-52 -172 0
-53 -173 0
-54 -174 0
-55 -175 0
-56 -176 0
-57 -177 0
-58 -178 0
-59 -179 0
-60 -180 0
-46 -181 0
-47 -182 0
-48 -183 0
-49 -184 0
-50 -185 0
-51 -186 0
-52 -187 0
-53 -188 0
-54 -189 0
-55 -190 0
-56 -191 0
-57 -192 0
-58 -193 0
-59 -194 0
-60 -195 0
-46 -16 0
-47 -17 0
-48 -18 0
-49 -19 0
-50 -20 0
-51 -21 0
-52 -22 0
-53 -23 0
-54 -24 0
-55 -25 0
-56 -26 0
-57 -27 0
-58 -28 0
-59 -29 0
-60 -30 0
-46 -331 0
-47 -332 0
-48 -333 0
-49 -334 0
-50 -335 0
-51 -336 0
-52 -337 0
-53 -338 0
-54 -339 0
-55 -340 0
-56 -341 0
-57 -342 0
-58 -343 0
-59 -344 0
-60 -345 0
75 74 73 72 71 70 69 68 67 66 65 64 63 62 61 0
-61 -62 0
-61 -63 0
-61 -64 0
-61 -65 0
-61 -66 0
-61 -67 0
-61 -68 0
-61 -69 0
-61 -70 0
-61 -71 0
-61 -72 0
-61 -73 0
-61 -74 0
-61 -75 0
-62 -63 0
-62 -64 0
-62 -65 0
-62 -66 0
-62 -67 0
-62 -68 0
-62 -69 0
-62 -70 0
-62 -71 0
-62 -72 0
-62 -73 0
-62 -74 0
-62 -75 0
-63 -64 0
-63 -65 0
-63 -66 0
-63 -67 0
-63 -68 0
-63 -69 0
-63 -70 0
-63 -71 0
-63 -72 0
-63 -73 0
-63 -74 0
-63 -75 0
-64 -65 0
-64 -66 0
-64 -67 0
-64 -68 0
-64 -69 0
-64 -70 0
-64 -71 0
-64 -72 0
-64 -73 0
-64 -74 0
-64 -75 0
-65 -66 0
-65 -67 0
-65 -68 0
-65 -69 0
-65 -70 0
-65 -71 0
-65 -72 0
-65 -73 0
-65 -74 0
-65 -75 0
-66 -67 0
-66 -68 0
-66 -69 0
-66 -70 0
-66 -71 0
-66 -72 0
-66 -73 0
-66 -74 0
-66 -75 0
-67 -68 0
-67 -69 0
-67 -70 0
-67 -71 0
-67 -72 0
-67 -73 0
-67 -74 0
-67 -75 0
-68 -69 0
-68 -70 0
-68 -71 0
-68 -72 0
-68 -73 0
-68 -74 0
-68 -75 0
-69 -70 0
-69 -71 0
-69 -72 0
-69 -73 0
-69 -74 0
-69 -75 0
-70 -71 0
-70 -72 0
-70 -73 0
-70 -74 0
-70 -75 0
-71 -72 0
-71 -73 0
-71 -74 0
-71 -75 0
-72 -73 0
-72 -74 0
-72 -75 0
-73 -74 0
-73 -75 0
-74 -75 0
-61 -136 0
-62 -137 0
-63 -138 0
-64 -139 0
-65 -140 0
-66 -141 0
-67 -142 0
-68 -143 0
-69 -144 0
-70 -145 0
-71 -146 0
-72 -147 0
-73 -148 0
-74 -149 0
-75 -150 0
-61 -241 0
-62 -242 0
-63 -243 0
-64 -244 0
-65 -245 0
-66 -246 0
-67 -247 0
-68 -248 0
-69 -249 0
-70 -250 0
-71 -251 0
-72 -252 0
-73 -253 0
-74 -254 0
-75 -255 0
-61 -361 0
-62 -362 0
-63 -363 0
-64 -364 0
-65 -365 0
-66 -366 0
-67 -367 0
-68 -368 0
-69 -369 0
-70 -370 0
-71 -371 0
-72 -372 0
-73 -373 0
-74 -374 0
-75 -375 0
-61 -121 0
-62 -122 0
-63 -123 0
-64 -124 0
-65 -125 0
-66 -126 0
-67 -127 0
-68 -128 0
-69 -129 0
-70 -130 0
-71 -131 0
-72 -132 0
-73 -133 0
-74 -134 0
-75 -135 0
-61 -91 0
-62 -92 0
-63 -93 0
-64 -94 0
-65 -95 0
-66 -96 0
-67 -97 0
-68 -98 0
-69 -99 0
-70 -100 0
-71 -101 0
-72 -102 0
-73 -103 0
-74 -104 0
-75 -105 0
-61 -376 0
-62 -377 0
-63 -378 0
-64 -379 0
-65 -380 0
-66 -381 0
-67 -382 0
-68 -383 0
-69 -384 0
-70 -385 0
-71 -386 0
-72 -387 0
-73 -388 0
-74 -389 0
-75 -390 0
-61 -76 0
-62 -77 0
-63 -78 0
-64 -79 0
-65 -80 0
-66 -81 0
-67 -82 0
-68 -83 0
-69 -84 0
-70 -85 0
-71 -86 0
-72 -87 0
-73 -88 0
-74 -89 0
-75 -90 0
-61 -196 0
-62 -197 0
-63 -198 0
-64 -199 0
-65 -200 0
-66 -201 0
-67 -202 0
-68 -203 0
-69 -204 0
-70 -205 0
-71 -206 0
-72 -207 0
-73 -208 0
-74 -209 0
-75 -210 0
-61 -241 0
-62 -242 0
-63 -243 0
-64 -244 0
-65 -245 0
-66 -246 0
-67 -247 0
-68 -248 0
-69 -249 0
-70 -250 0
-71 -251 0
-72 -252 0
-73 -253 0
-74 -254 0
-75 -255 0
-61 -376 0
-62 -377 0
-63 -378 0
-64 -379 0
-65 -380 0
-66 -381 0
-67 -382 0
-68 -383 0
-69 -384 0
-70 -385 0
-71 -386 0
-72 -387 0
-73 -388 0
-74 -389 0
-75 -390 0
-61 -271 0
-62 -272 0
-63 -273 0
-64 -274 0
-65 -275 0
-66 -276 0
-67 -277 0
-68 -278 0
-69 -279 0
-70 -280 0
-71 -281 0
-72 -282 0
-73 -283 0
-74 -284 0
-75 -285 0
90 89 88 87 86 85 84 83 82 81 80 79 78 77 76 0
-76 -77 0
-76 -78 0
-76 -79 0
-76 -80 0
-76 -81 0
-76 -82 0
-76 -83 0
-76 -84 0
-76 -85 0
-76 -86 0
-76 -87 0
-76 -88 0
-76 -89 0
-76 -90 0
-77 -78 0
-77 -79 0
-77 -80 0
-77 -81 0
-77 -82 0
-77 -83 0
-77 -84 0
-77 -85 0
-77 -86 0
-77 -87 0
-77 -88 0
-77 -89 0
-77 -90 0
-78 -79 0
-78 -80 0
-78 -81 0
-78 -82 0
-78 -83 0
-78 -84 0
-78 -85 0
-78 -86 0
-78 -87 0
-78 -88 0
-78 -89 0
-78 -90 0
-79 -80 0
-79 -81 0
-79 -82 0
-79 -83 0
-79 -84 0
-79 -85 0
-79 -86 0
-79 -87 0
-79 -88 0
-79 -89 0
-79 -90 0
-80 -81 0
-80 -82 0
-80 -83 0
-80 -84 0
-80 -85 0
-80 -86 0
-80 -87 0
-80 -88 0
-80 -89 0
-80 -90 0
-81 -82 0
-81 -83 0
-81 -84 0
-81 -85 0
-81 -86 0
-81 -87 0
-81 -88 0
-81 -89 0
-81 -90 0
-82 -83 0
-82 -84 0
-82 -85 0
-82 -86 0
-82 -87 0
-82 -88 0
-82 -89 0
-82 -90 0
-83 -84 0
-83 -85 0
-83 -86 0
-83 -87 0
-83 -88 0
-83 -89 0
-83 -90 0
-84 -85 0
-84 -86 0
-84 -87 0
-84 -88 0
-84 -89 0
-84 -90 0
-85 -86 0
-85 -87 0
-85 -88 0
-85 -89 0
-85 -90 0
-86 -87 0
-86 -88 0
-86 -89 0
-86 -90 0
-87 -88 0
-87 -89 0
-87 -90 0
-88 -89 0
-88 -90 0
-89 -90 0
-76 -346 0
-77 -347 0
-78 -348 0
-79 -349 0
-80 -350 0
-81 -351 0
-82 -352 0
-83 -353 0
-84 -354 0
-85 -355 0
-86 -356 0
-87 -357 0
-88 -358 0
-89 -359 0
-90 -360 0
-76 -196 0
-77 -197 0
-78 -198 0
-79 -199 0
-80 -200 0
-81 -201 0
-82 -202 0
-83 -203 0
-84 -204 0
-85 -205 0
-86 -206 0
-87 -207 0
-88 -208 0
-89 -209 0
-90 -210 0
105 104 103 102 101 100 99 98 97 96 95 94 93 92 91 0
-91 -92 0
-91 -93 0
-91 -94 0
-91 -95 0
-91 -96 0
-91 -97 0
-91 -98 0
-91 -99 0
-91 -100 0
-91 -101 0
-91 -102 0
-91 -103 0
-91 -104 0
-91 -105 0
-92 -93 0
-92 -94 0
-92 -95 0
-92 -96 0
-92 -97 0
-92 -98 0
-92 -99 0
-92 -100 0
-92 -101 0
-92 -102 0
-92 -103 0
-92 -104 0
-92 -105 0
-93 -94 0
-93 -95 0
-93 -96 0
-93 -97 0
-93 -98 0
-93 -99 0
-93 -100 0
-93 -101 0
-93 -102 0
-93 -103 0
-93 -104 0
-93 -105 0
-94 -95 0
-94 -96 0
-94 -97 0
-94 -98 0
-94 -99 0
-94 -100 0
-94 -101 0
-94 -102 0
-94 -103 0
-94 -104 0
-94 -105 0
-95 -96 0
-95 -97 0
-95 -98 0
-95 -99 0
-95 -100 0
-95 -101 0
-95 -102 0
-95 -103 0
-95 -104 0
-95 -105 0
-96 -97 0
-96 -98 0
-96 -99 0
-96 -100 0
-96 -101 0
-96 -102 0
-96 -103 0
-96 -104 0
-96 -105 0
-97 -98 0
-97 -99 0
-97 -100 0
-97 -101 0
-97 -102 0
-97 -103 0
-97 -104 0
-97 -105 0
-98 -99 0
-98 -100 0
-98 -101 0
-98 -102 0
-98 -103 0
-98 -104 0
-98 -105 0
-99 -100 0
-99 -101 0
-99 -102 0
-99 -103 0
-99 -104 0
-99 -105 0
-100 -101 0
-100 -102 0
-100 -103 0
-100 -104 0
-100 -105 0
-101 -102 0
-101 -103 0
-101 -104 0
-101 -105 0
-102 -103 0
-102 -104 0
-102 -105 0
-103 -104 0
-103 -105 0
-104 -105 0
-91 -1 0
-92 -2 0
-93 -3 0
-94 -4 0
-95 -5 0
-96 -6 0
-97 -7 0
-98 -8 0
-99 -9 0
-100 -10 0
-101 -11 0
-102 -12 0
-103 -13 0
-104 -14 0
-105 -15 0
-91 -106 0
-92 -107 0
-93 -108 0
-94 -109 0
-95 -110 0
-96 -111 0
-97 -112 0
-98 -113 0
-99 -114 0
-100 -115 0
-101 -116 0
-102 -117 0
-103 -118 0
-104 -119 0
-105 -120 0
-91 -256 0
-92 -257 0
-93 -258 0
-94 -259 0
-95 -260 0
-96 -261 0
-97 -262 0
-98 -263 0
-99 -264 0
-100 -265 0
-101 -266 0
-102 -267 0
-103 -268 0
-104 -269 0
-105 -270 0
120 119 118 117 116 115 114 113 112 111 110 109 108 107 106 0
-106 -107 0
-106 -108 0
-106 -109 0
-106 -110 0
-106 -111 0
-106 -112 0
-106 -113 0
-106 -114 0
-106 -115 0
-106 -116 0
-106 -117 0
-106 -118 0
-106 -119 0
-106 -120 0
-107 -108 0
-107 -109 0
-107 -110 0
-107 -111 0
-107 -112 0
-107 -113 0
-107 -114 0
-107 -115 0
-107 -116 0
-107 -117 0
-107 -118 0
-107 -119 0
-107 -120 0
-108 -109 0
-108 -110 0
-108 -111 0
-108 -112 0
-108 -113 0
-108 -114 0
-108 -115 0
-108 -116 0
-108 -117 0
-108 -118 0
-108 -119 0
-108 -120 0
-109 -110 0
-109 -111 0
-109 -112 0
-109 -113 0
-109 -114 0
-109 -115 0
-109 -116 0
-109 -117 0
-109 -118 0
-109 -119 0
-109 -120 0
-110 -111 0
-110 -112 0
-110 -113 0
-110 -114 0
-110 -115 0
-110 -116 0
-110 -117 0
-110 -118 0
-110 -119 0
-110 -120 0
-111 -112 0
-111 -113 0
-111 -114 0
-111 -115 0
-111 -116 0
-111 -117 0
-111 -118 0
-111 -119 0
-111 -120 0
-112 -113 0
-112 -114 0
-112 -115 0
-112 -116 0
-112 -117 0
-112 -118 0
-112 -119 0
-112 -120 0
-113 -114 0
-113 -115 0
-113 -116 0
-113 -117 0
-113 -118 0
-113 -119 0
-113 -120 0
-114 -115 0
-114 -116 0
-114 -117 0
-114 -118 0
-114 -119 0
-114 -120 0
-115 -116 0
-115 -117 0
-115 -118 0
-115 -119 0
-115 -120 0
-116 -117 0
-116 -118 0
-116 -119 0
-116 -120 0
-117 -118 0
-117 -119 0
-117 -120 0
-118 -119 0
-118 -120 0
-119 -120 0
-106 -346 0
-107 -347 0
-108 -348 0
-109 -349 0
-110 -350 0
-111 -351 0
-112 -352 0
-113 -353 0
-114 -354 0
-115 -355 0
-116 -356 0
-117 -357 0
-118 -358 0
-119 -359 0
-120 -360 0
-106 -301 0
-107 -302 0
-108 -303 0
-109 -304 0
-110 -305 0
-111 -306 0
-112 -307 0
-113 -308 0
-114 -309 0
-115 -310 0
-116 -311 0
-117 -312 0
-118 -313 0
-119 -314 0
-120 -315 0
-106 -196 0
-107 -197 0
-108 -198 0
-109 -199 0
-110 -200 0
-111 -201 0
-112 -202 0
-113 -203 0
-114 -204 0
-115 -205 0
-116 -206 0
-117 -207 0
-118 -208 0
-119 -209 0
-120 -210 0
-106 -361 0
-107 -362 0
-108 -363 0
-109 -364 0
-110 -365 0
-111 -366 0
-112 -367 0
-113 -368 0
-114 -369 0
-115 -370 0
-116 -371 0
-117 -372 0
-118 -373 0
-119 -374 0
-120 -375 0
-106 -361 0
-107 -362 0
-108 -363 0
-109 -364 0
-110 -365 0
-111 -366 0
-112 -367 0
-113 -368 0
-114 -369 0
-115 -370 0
-116 -371 0
-117 -372 0
-118 -373 0
-119 -374 0
-120 -375 0
-106 -16 0
-107 -17 0
-108 -18 0
-109 -19 0
-110 -20 0
-111 -21 0
-112 -22 0
-113 -23 0
-114 -24 0
-115 -25 0
-116 -26 0
-117 -27 0
-118 -28 0
-119 -29 0
-120 -30 0
135 134 133 132 131 130 129 128 127 126 125 124 123 122 121 0
-121 -122 0
-121 -123 0
-121 -124 0
-121 -125 0
-121 -126 0
-121 -127 0
-121 -128 0
-121 -129 0
-121 -130 0
-121 -131 0
-121 -132 0
-121 -133 0
-121 -134 0
-121 -135 0
-122 -123 0
-122 -124 0
-122 -125 0
-122 -126 0
-122 -127 0
-122 -128 0
-122 -129 0
-122 -130 0
-122 -131 0
-122 -132 0
-122 -133 0
-122 -134 0
-122 -135 0
-123 -124 0
-123 -125 0
-123 -126 0
-123 -127 0
-123 -128 0
-123 -129 0
-123 -130 0
-123 -131 0
-123 -132 0
-123 -133 0
-123 -134 0
-123 -135 0
-124 -125 0
-124 -126 0
-124 -127 0
-124 -128 0
-124 -129 0
-124 -130 0
-124 -131 0
-124 -132 0
-124 -133 0
-124 -134 0
-124 -135 0
-125 -126 0
-125 -127 0
-125 -128 0
-125 -129 0
-125 -130 0
-125 -131 0
-125 -132 0
-125 -133 0
-125 -134 0
-125 -135 0
-126 -127 0
-126 -128 0
-126 -129 0
-126 -130 0
-126 -131 0
-126 -132 0
-126 -133 0
-126 -134 0
-126 -135 0
-127 -128 0
-127 -129 0
-127 -130 0
-127 -131 0
-127 -132 0
-127 -133 0
-127 -134 0
-127 -135 0
-128 -129 0
-128 -130 0
-128 -131 0
-128 -132 0
-128 -133 0
-128 -134 0
-128 -135 0
-129 -130 0
-129 -131 0
-129 -132 0
-129 -133 0
-129 -134 0
-129 -135 0
-130 -131 0
-130 -132 0
-130 -133 0
-130 -134 0
-130 -135 0
-131 -132 0
-131 -133 0
-131 -134 0
-131 -135 0
-132 -133 0
-132 -134 0
-132 -135 0
-133 -134 0
-133 -135 0
-134 -135 0
-121 -271 0
-122 -272 0
-123 -273 0
-124 -274 0
-125 -275 0
-126 -276 0
-127 -277 0
-128 -278 0
-129 -279 0
-130 -280 0
-131 -281 0
-132 -282 0
-133 -283 0
-134 -284 0
-135 -285 0
-121 -76 0
-122 -77 0
-123 -78 0
-124 -79 0
-125 -80 0
-126 -81 0
-127 -82 0
-128 -83 0
-129 -84 0
-130 -85 0
-131 -86 0
-132 -87 0
-133 -88 0
-134 -89 0
-135 -90 0
-121 -151 0
-122 -152 0
-123 -153 0
-124 -154 0
-125 -155 0
-126 -156 0
-127 -157 0
-128 -158 0
-129 -159 0
-130 -160 0
-131 -161 0
-132 -162 0
-133 -163 0
-134 -164 0
-135 -165 0
-121 -256 0
-122 -257 0
-123 -258 0
-124 -259 0
-125 -260 0
-126 -261 0
-127 -262 0
-128 -263 0
-129 -264 0
-130 -265 0
-131 -266 0
-132 -267 0
-133 -268 0
-134 -269 0
-135 -270 0
-121 -211 0
-122 -212 0
-123 -213 0
-124 -214 0
-125 -215 0
-126 -216 0
-127 -217 0
-128 -218 0
-129 -219 0
-130 -220 0
-131 -221 0
-132 -222 0
-133 -223 0
-134 -224 0
-135 -225 0
-121 -241 0
-122 -242 0
-123 -243 0
-124 -244 0
-125 -245 0
-126 -246 0
-127 -247 0
-128 -248 0
-129 -249 0
-130 -250 0
-131 -251 0
-132 -252 0
-133 -253 0
-134 -254 0
-135 -255 0
-121 -1 0
-122 -2 0
-123 -3 0
-124 -4 0
-125 -5 0
-126 -6 0
-127 -7 0
-128 -8 0
-129 -9 0
-130 -10 0
-131 -11 0
-132 -12 0
-133 -13 0
-134 -14 0
-135 -15 0
-121 -16 0
-122 -17 0
-123 -18 0
-124 -19 0
-125 -20 0
-126 -21 0
-127 -22 0
-128 -23 0
-129 -24 0
-130 -25 0
-131 -26 0
-132 -27 0
-133 -28 0
-134 -29 0
-135 -30 0
-121 -226 0
-122 -227 0
-123 -228 0
-124 -229 0
-125 -230 0
-126 -231 0
-127 -232 0
-128 -233 0
-129 -234 0
-130 -235 0
-131 -236 0
-132 -237 0
-133 -238 0
-134 -239 0
-135 -240 0
-121 -256 0
-122 -257 0
-123 -258 0
-124 -259 0
-125 -260 0
-126 -261 0
-127 -262 0
-128 -263 0
-129 -264 0
-130 -265 0
-131 -266 0
-132 -267 0
-133 -268 0
-134 -269 0
-135 -270 0
-121 -316 0
-122 -317 0
-123 -318 0
-124 -319 0
-125 -320 0
-126 -321 0
-127 -322 0
-128 -323 0
-129 -324 0
-130 -325 0
-131 -326 0
-132 -327 0
-133 -328 0
-134 -329 0
-135 -330 0
-121 -271 0
-122 -272 0
-123 -273 0
-124 -274 0
-125 -275 0
-126 -276 0
-127 -277 0
-128 -278 0
-129 -279 0
-130 -280 0
-131 -281 0
-132 -282 0
-133 -283 0
-134 -284 0
-135 -285 0
150 149 148 147 146 145 144 143 142 141 140 139 138 137 136 0
-136 -137 0
-136 -138 0
-136 -139 0
-136 -140 0
-136 -141 0
-136 -142 0
-136 -143 0
-136 -144 0
-136 -145 0
-136 -146 0
-136 -147 0
-136 -148 0
-136 -149 0
-136 -150 0
-137 -138 0
-137 -139 0
-137 -140 0
-137 -141 0
-137 -142 0
-137 -143 0
-137 -144 0
-137 -145 0
-137 -146 0
-137 -147 0
-137 -148 0
-137 -149 0
-137 -150 0
-138 -139 0
-138 -140 0
-138 -141 0
-138 -142 0
-138 -143 0
-138 -144 0
-138 -145 0
-138 -146 0
-138 -147 0
-138 -148 0
-138 -149 0
-138 -150 0
-139 -140 0
-139 -141 0
-139 -142 0
-139 -143 0
-139 -144 0
-139 -145 0
-139 -146 0
-139 -147 0
-139 -148 0
-139 -149 0
-139 -150 0
-140 -141 0
-140 -142 0
-140 -143 0
-140 -144 0
-140 -145 0
-140 -146 0
-140 -147 0
-140 -148 0
-140 -149 0
-140 -150 0
-141 -142 0
-141 -143 0
-141 -144 0
-141 -145 0
-141 -146 0
-141 -147 0
-141 -148 0
-141 -149 0
-141 -150 0
-142 -143 0
-142 -144 0
-142 -145 0
-142 -146 0
-142 -147 0
-142 -148 0
-142 -149 0
-142 -150 0
-143 -144 0
-143 -145 0
-143 -146 0
-143 -147 0
-143 -148 0
-143 -149 0
-143 -150 0
-144 -145 0
-144 -146 0
-144 -147 0
-144 -148 0
-144 -149 0
-144 -150 0
-145 -146 0
-145 -147 0
-145 -148 0
-145 -149 0
-145 -150 0
-146 -147 0
-146 -148 0
-146 -149 0
-146 -150 0
-147 -148 0
-147 -149 0
-147 -150 0
-148 -149 0
-148 -150 0
-149 -150 0
-136 -391 0
-137 -392 0
-138 -393 0
-139 -394 0
-140 -395 0
-141 -396 0
-142 -397 0
-143 -398 0
-144 -399 0
-145 -400 0
-146 -401 0
-147 -402 0
-148 -403 0
-149 -404 0
-150 -405 0
-136 -1 0
-137 -2 0
-138 -3 0
-139 -4 0
-140 -5 0
-141 -6 0
-142 -7 0
-143 -8 0
-144 -9 0
-145 -10 0
-146 -11 0
-147 -12 0
-148 -13 0
-149 -14 0
-150 -15 0
-136 -1 0
-137 -2 0
-138 -3 0
-139 -4 0
-140 -5 0
-141 -6 0
-142 -7 0
-143 -8 0
-144 -9 0
-145 -10 0
-146 -11 0
-147 -12 0
-148 -13 0
-149 -14 0
-150 -15 0
-136 -31 0
-137 -32 0
-138 -33 0
-139 -34 0
-140 -35 0
-141 -36 0
-142 -37 0
-143 -38 0
-144 -39 0
-145 -40 0
-146 -41 0
-147 -42 0
-148 -43 0
-149 -44 0
-150 -45 0
-136 -301 0
-137 -302 0
-138 -303 0
-139 -304 0
-140 -305 0
-141 -306 0
-142 -307 0
-143 -308 0
-144 -309 0
-145 -310 0
-146 -311 0
-147 -312 0
-148 -313 0
-149 -314 0
-150 -315 0
-136 -271 0
-137 -272 0
-138 -273 0
-139 -274 0
-140 -275 0
-141 -276 0
-142 -277 0
-143 -278 0
-144 -279 0
-145 -280 0
-146 -281 0
-147 -282 0
-148 -283 0
-149 -284 0
-150 -285 0
-136 -331 0
-137 -332 0
-138 -333 0
-139 -334 0
-140 -335 0
-141 -336 0
-142 -337 0
-143 -338 0
-144 -339 0
-145 -340 0
-146 -341 0
-147 -342 0
-148 -343 0
-149 -344 0
-150 -345 0
-136 -286 0
-137 -287 0
-138 -288 0
-139 -289 0
-140 -290 0
-141 -291 0
-142 -292 0
-143 -293 0
-144 -294 0
-145 -295 0
-146 -296 0
-147 -297 0
-148 -298 0
-149 -299 0
-150 -300 0
-136 -121 0
-137 -122 0
-138 -123 0
-139 -124 0
-140 -125 0
-141 -126 0
-142 -127 0
-143 -128 0
-144 -129 0
-145 -130 0
-146 -131 0
-147 -132 0
-148 -133 0
-149 -134 0
-150 -135 0
165 164 163 162 161 160 159 158 157 156 155 154 153 152 151 0
-151 -152 0
-151 -153 0
-151 -154 0
-151 -155 0
-151 -156 0
-151 -157 0
-151 -158 0
-151 -159 0
-151 -160 0
-151 -161 0
-151 -162 0
-151 -163 0
-151 -164 0
-151 -165 0
-152 -153 0
-152 -154 0
-152 -155 0
-152 -156 0
-152 -157 0
-152 -158 0
-152 -159 0
-152 -160 0
-152 -161 0
-152 -162 0
-152 -163 0
-152 -164 0
-152 -165 0
-153 -154 0
-153 -155 0
-153 -156 0
-153 -157 0
-153 -158 0
-153 -159 0
-153 -160 0
-153 -161 0
-153 -162 0
-153 -163 0
-153 -164 0
-153 -165 0
-154 -155 0
-154 -156 0
-154 -157 0
-154 -158 0
-154 -159 0
-154 -160 0
-154 -161 0
-154 -162 0
-154 -163 0
-154 -164 0
-154 -165 0
-155 -156 0
-155 -157 0
-155 -158 0
-155 -159 0
-155 -160 0
-155 -161 0
-155 -162 0
-155 -163 0
-155 -164 0
-155 -165 0
-156 -157 0
-156 -158 0
-156 -159 0
-156 -160 0
-156 -161 0
-156 -162 0
-156 -163 0
-156 -164 0
-156 -165 0
-157 -158 0
-157 -159 0
-157 -160 0
-157 -161 0
-157 -162 0
-157 -163 0
-157 -164 0
-157 -165 0
-158 -159 0
-158 -160 0
-158 -161 0
-158 -162 0
-158 -163 0
-158 -164 0
-158 -165 0
-159 -160 0
-159 -161 0
-159 -162 0
-159 -163 0
-159 -164 0
-159 -165 0
-160 -161 0
-160 -162 0
-160 -163 0
-160 -164 0
-160 -165 0
-161 -162 0
-161 -163 0
-161 -164 0
-161 -165 0
-162 -163 0
-162 -164 0
-162 -165 0
-163 -164 0
-163 -165 0
-164 -165 0
-151 -91 0
-152 -92 0
-153 -93 0
-154 -94 0
-155 -95 0
-156 -96 0
-157 -97 0
-158 -98 0
-159 -99 0
-160 -100 0
-161 -101 0
-162 -102 0
-163 -103 0
-164 -104 0
-165 -105 0
-151 -121 0
-152 -122 0
-153 -123 0
-154 -124 0
-155 -125 0
-156 -126 0
-157 -127 0
-158 -128 0
-159 -129 0
-160 -130 0
-161 -131 0
-162 -132 0
-163 -133 0
-164 -134 0
-165 -135 0
-151 -286 0
-152 -287 0
-153 -288 0
-154 -289 0
-155 -290 0
-156 -291 0
-157 -292 0
-158 -293 0
-159 -294 0
-160 -295 0
-161 -296 0
-162 -297 0
-163 -298 0
-164 -299 0
-165 -300 0
-151 -211 0
-152 -212 0
-153 -213 0
-154 -214 0
-155 -215 0
-156 -216 0
-157 -217 0
-158 -218 0
-159 -219 0
-160 -220 0
-161 -221 0
-162 -222 0
-163 -223 0
-164 -224 0
-165 -225 0
-151 -331 0
-152 -332 0
-153 -333 0
-154 -334 0
-155 -335 0
-156 -336 0
-157 -337 0
-158 -338 0
-159 -339 0
-160 -340 0
-161 -341 0
-162 -342 0
-163 -343 0
-164 -344 0
-165 -345 0
180 179 178 177 176 175 174 173 172 171 170 169 168 167 166 0
-166 -167 0
-166 -168 0
-166 -169 0
-166 -170 0
-166 -171 0
-166 -172 0
-166 -173 0
-166 -174 0
-166 -175 0
-166 -176 0
-166 -177 0
-166 -178 0
-166 -179 0
-166 -180 0
-167 -168 0
-167 -169 0
-167 -170 0
-167 -171 0
-167 -172 0
-167 -173 0
-167 -174 0
-167 -175 0
-167 -176 0
-167 -177 0
-167 -178 0
-167 -179 0
-167 -180 0
-168 -169 0
-168 -170 0
-168 -171 0
-168 -172 0
-168 -173 0
-168 -174 0
-168 -175 0
-168 -176 0
-168 -177 0
-168 -178 0
-168 -179 0
-168 -180 0
-169 -170 0
-169 -171 0
-169 -172 0
-169 -173 0
-169 -174 0
-169 -175 0
-169 -176 0
-169 -177 0
-169 -178 0
-169 -179 0
-169 -180 0
-170 -171 0
-170 -172 0
-170 -173 0
-170 -174 0
-170 -175 0
-170 -176 0
-170 -177 0
-170 -178 0
-170 -179 0
-170 -180 0
-171 -172 0
-171 -173 0
-171 -174 0
-171 -175 0
-171 -176 0
-171 -177 0
-171 -178 0
-171 -179 0
-171 -180 0
-172 -173 0
-172 -174 0
-172 -175 0
-172 -176 0
-172 -177 0
-172 -178 0
-172 -179 0
-172 -180 0
-173 -174 0
-173 -175 0
-173 -176 0
-173 -177 0
-173 -178 0
-173 -179 0
-173 -180 0
-174 -175 0
-174 -176 0
-174 -177 0
-174 -178 0
-174 -179 0
-174 -180 0
-175 -176 0
-175 -177 0
-175 -178 0
-175 -179 0
-175 -180 0
-176 -177 0
-176 -178 0
-176 -179 0
-176 -180 0
-177 -178 0
-177 -179 0
-177 -180 0
-178 -179 0
-178 -180 0
-179 -180 0
-166 -346 0
-167 -347 0
-168 -348 0
-169 -349 0
-170 -350 0
-171 -351 0
-172 -352 0
-173 -353 0
-174 -354 0
-175 -355 0
-176 -356 0
-177 -357 0
-178 -358 0
-179 -359 0
-180 -360 0
-166 -151 0
-167 -152 0
-168 -153 0
-169 -154 0
-170 -155 0
-171 -156 0
-172 -157 0
-173 -158 0
-174 -159 0
-175 -160 0
-176 -161 0
-177 -162 0
-178 -163 0
-179 -164 0
-180 -165 0
-166 -256 0
-167 -257 0
-168 -258 0
-169 -259 0
-170 -260 0
-171 -261 0
-172 -262 0
-173 -263 0
-174 -264 0
-175 -265 0
-176 -266 0
-177 -267 0
-178 -268 0
-179 -269 0
-180 -270 0
195 194 193 192 191 190 189 188 187 186 185 184 183 182 181 0
-181 -182 0
-181 -183 0
-181 -184 0
-181 -185 0
-181 -186 0
-181 -187 0
-181 -188 0
-181 -189 0
-181 -190 0
-181 -191 0
-181 -192 0
-181 -193 0
-181 -194 0
-181 -195 0
-182 -183 0
-182 -184 0
-182 -185 0
-182 -186 0
-182 -187 0
-182 -188 0
-182 -189 0
-182 -190 0
-182 -191 0
-182 -192 0
-182 -193 0
-182 -194 0
-182 -195 0
-183 -184 0
-183 -185 0
-183 -186 0
-183 -187 0
-183 -188 0
-183 -189 0
-183 -190 0
-183 -191 0
-183 -192 0
-183 -193 0
-183 -194 0
-183 -195 0
-184 -185 0
-184 -186 0
-184 -187 0
-184 -188 0
-184 -189 0
-184 -190 0
-184 -191 0
-184 -192 0
-184 -193 0
-184 -194 0
-184 -195 0
-185 -186 0
-185 -187 0
-185 -188 0
-185 -189 0
-185 -190 0
-185 -191 0
-185 -192 0
-185 -193 0
-185 -194 0
-185 -195 0
-186 -187 0
-186 -188 0
-186 -189 0
-186 -190 0
-186 -191 0
-186 -192 0
-186 -193 0
-186 -194 0
-186 -195 0
-187 -188 0
-187 -189 0
-187 -190 0
-187 -191 0
-187 -192 0
-187 -193 0
-187 -194 0
-187 -195 0
-188 -189 0
-188 -190 0
-188 -191 0
-188 -192 0
-188 -193 0
-188 -194 0
-188 -195 0
-189 -190 0
-189 -191 0
-189 -192 0
-189 -193 0
-189 -194 0
-189 -195 0
-190 -191 0
-190 -192 0
-190 -193 0
-190 -194 0
-190 -195 0
-191 -192 0
-191 -193 0
-191 -194 0
-191 -195 0
-192 -193 0
-192 -194 0
-192 -195 0
-193 -194 0
-193 -195 0
-194 -195 0
-181 -16 0
-182 -17 0
-183 -18 0
-184 -19 0
-185 -20 0
-186 -21 0
-187 -22 0
-188 -23 0
-189 -24 0
-190 -25 0
-191 -26 0
-192 -27 0
-193 -28 0
-194 -29 0
-195 -30 0
-181 -331 0
-182 -332 0
-183 -333 0
-184 -334 0
-185 -335 0
-186 -336 0
-187 -337 0
-188 -338 0
-189 -339 0
-190 -340 0
-191 -341 0
-192 -342 0
-193 -343 0
-194 -344 0
-195 -345 0
-181 -76 0
-182 -77 0
-183 -78 0
-184 -79 0
-185 -80 0
-186 -81 0
-187 -82 0
-188 -83 0
-189 -84 0
-190 -85 0
-191 -86 0
-192 -87 0
-193 -88 0
-194 -89 0
-195 -90 0
-181 -196 0
-182 -197 0
-183 -198 0
-184 -199 0
-185 -200 0
-186 -201 0
-187 -202 0
-188 -203 0
-189 -204 0
-190 -205 0
-191 -206 0
-192 -207 0
-193 -208 0
-194 -209 0
-195 -210 0
-181 -46 0
-182 -47 0
-183 -48 0
-184 -49 0
-185 -50 0
-186 -51 0
-187 -52 0
-188 -53 0
-189 -54 0
-190 -55 0
-191 -56 0
-192 -57 0
-193 -58 0
-194 -59 0
-195 -60 0
-181 -1 0
-182 -2 0
-183 -3 0
-184 -4 0
-185 -5 0
-186 -6 0
-187 -7 0
-188 -8 0
-189 -9 0
-190 -10 0
-191 -11 0
-192 -12 0
-193 -13 0
-194 -14 0
-195 -15 0
-181 -1 0
-182 -2 0
-183 -3 0
-184 -4 0
-185 -5 0
-186 -6 0
-187 -7 0
-188 -8 0
-189 -9 0
-190 -10 0
-191 -11 0
-192 -12 0
-193 -13 0
-194 -14 0
-195 -15 0
210 209 208 207 206 205 204 203 202 201 200 199 198 197 196 0
-196 -197 0
-196 -198 0
-196 -199 0
-196 -200 0
-196 -201 0
-196 -202 0
-196 -203 0
-196 -204 0
-196 -205 0
-196 -206 0
-196 -207 0
-196 -208 0
-196 -209 0
-196 -210 0
-197 -198 0
-197 -199 0
-197 -200 0
-197 -201 0
-197 -202 0
-197 -203 0
-197 -204 0
-197 -205 0
-197 -206 0
-197 -207 0
-197 -208 0
-197 -209 0
-197 -210 0
-198 -199 0
-198 -200 0
-198 -201 0
-198 -202 0
-198 -203 0
-198 -204 0
-198 -205 0
-198 -206 0
-198 -207 0
-198 -208 0
-198 -209 0
-198 -210 0
-199 -200 0
-199 -201 0
-199 -202 0
-199 -203 0
-199 -204 0
-199 -205 0
-199 -206 0
-199 -207 0
-199 -208 0
-199 -209 0
-199 -210 0
-200 -201 0
-200 -202 0
-200 -203 0
-200 -204 0
-200 -205 0
-200 -206 0
-200 -207 0
-200 -208 0
-200 -209 0
-200 -210 0
-201 -202 0
-201 -203 0
-201 -204 0
-201 -205 0
-201 -206 0
-201 -207 0
-201 -208 0
-201 -209 0
-201 -210 0
-202 -203 0
-202 -204 0
-202 -205 0
-202 -206 0
-202 -207 0
-202 -208 0
-202 -209 0
-202 -210 0
-203 -204 0
-203 -205 0
-203 -206 0
-203 -207 0
-203 -208 0
-203 -209 0
-203 -210 0
-204 -205 0
-204 -206 0
-204 -207 0
-204 -208 0
-204 -209 0
-204 -210 0
-205 -206 0
-205 -207 0
-205 -208 0
-205 -209 0
-205 -210 0
-206 -207 0
-206 -208 0
-206 -209 0
-206 -210 0
-207 -208 0
-207 -209 0
-207 -210 0
-208 -209 0
-208 -210 0
-209 -210 0
-196 -376 0
-197 -377 0
-198 -378 0
-199 -379 0
-200 -380 0
-201 -381 0
-202 -382 0
-203 -383 0
-204 -384 0
-205 -385 0
-206 -386 0
-207 -387 0
-208 -388 0
-209 -389 0
-210 -390 0
-196 -331 0
-197 -332 0
-198 -333 0
-199 -334 0
-200 -335 0
-201 -336 0
-202 -337 0
-203 -338 0
-204 -339 0
-205 -340 0
-206 -341 0
-207 -342 0
-208 -343 0
-209 -344 0
-210 -345 0
-196 -76 0
-197 -77 0
-198 -78 0
-199 -79 0
-200 -80 0
-201 -81 0
-202 -82 0
-203 -83 0
-204 -84 0
-205 -85 0
-206 -86 0
-207 -87 0
-208 -88 0
-209 -89 0
-210 -90 0
-196 -241 0
-197 -242 0
-198 -243 0
-199 -244 0
-200 -245 0
-201 -246 0
-202 -247 0
-203 -248 0
-204 -249 0
-205 -250 0
-206 -251 0
-207 -252 0
-208 -253 0
-209 -254 0
-210 -255 0
-196 -1 0
-197 -2 0
-198 -3 0
-199 -4 0
-200 -5 0
-201 -6 0
-202 -7 0
-203 -8 0
-204 -9 0
-205 -10 0
-206 -11 0
-207 -12 0
-208 -13 0
-209 -14 0
-210 -15 0
-196 -286 0
-197 -287 0
-198 -288 0
-199 -289 0
-200 -290 0
-201 -291 0
-202 -292 0
-203 -293 0
-204 -294 0
-205 -295 0
-206 -296 0
-207 -297 0
-208 -298 0
-209 -299 0
-210 -300 0
225 224 223 222 221 220 219 218 217 216 215 214 213 212 211 0
-211 -212 0
-211 -213 0
-211 -214 0
-211 -215 0
-211 -216 0
-211 -217 0
-211 -218 0
-211 -219 0
-211 -220 0
-211 -221 0
-211 -222 0
-211 -223 0
-211 -224 0
-211 -225 0
-212 -213 0
-212 -214 0
-212 -215 0
-212 -216 0
-212 -217 0
-212 -218 0
-212 -219 0
-212 -220 0
-212 -221 0
-212 -222 0
-212 -223 0
-212 -224 0
-212 -225 0
-213 -214 0
-213 -215 0
-213 -216 0
-213 -217 0
-213 -218 0
-213 -219 0
-213 -220 0
-213 -221 0
-213 -222 0
-213 -223 0
-213 -224 0
-213 -225 0
-214 -215 0
-214 -216 0
-214 -217 0
-214 -218 0
-214 -219 0
-214 -220 0
-214 -221 0
-214 -222 0
-214 -223 0
-214 -224 0
-214 -225 0
-215 -216 0
-215 -217 0
-215 -218 0
-215 -219 0
-215 -220 0
-215 -221 0
-215 -222 0
-215 -223 0
-215 -224 0
-215 -225 0
-216 -217 0
-216 -218 0
-216 -219 0
-216 -220 0
-216 -221 0
-216 -222 0
-216 -223 0
-216 -224 0
-216 -225 0
-217 -218 0
-217 -219 0
-217 -220 0
-217 -221 0
-217 -222 0
-217 -223 0
-217 -224 0
-217 -225 0
-218 -219 0
-218 -220 0
-218 -221 0
-218 -222 0
-218 -223 0
-218 -224 0
-218 -225 0
-219 -220 0
-219 -221 0
-219 -222 0
-219 -223 0
-219 -224 0
-219 -225 0
-220 -221 0
-220 -222 0
-220 -223 0
-220 -224 0
-220 -225 0
-221 -222 0
-221 -223 0
-221 -224 0
-221 -225 0
-222 -223 0
-222 -224 0
-222 -225 0
-223 -224 0
-223 -225 0
-224 -225 0
-211 -31 0
-212 -32 0
-213 -33 0
-214 -34 0
-215 -35 0
-216 -36 0
-217 -37 0
-218 -38 0
-219 -39 0
-220 -40 0
-221 -41 0
-222 -42 0
-223 -43 0
-224 -44 0
-225 -45 0
-211 -106 0
-212 -107 0
-213 -108 0
-214 -109 0
-215 -110 0
-216 -111 0
-217 -112 0
-218 -113 0
-219 -114 0
-220 -115 0
-221 -116 0
-222 -117 0
-223 -118 0
-224 -119 0
-225 -120 0
-211 -346 0
-212 -347 0
-213 -348 0
-214 -349 0
-215 -350 0
-216 -351 0
-217 -352 0
-218 -353 0
-219 -354 0
-220 -355 0
-221 -356 0
-222 -357 0
-223 -358 0
-224 -359 0
-225 -360 0
-211 -106 0
-212 -107 0
-213 -108 0
-214 -109 0
-215 -110 0
-216 -111 0
-217 -112 0
-218 -113 0
-219 -114 0
-220 -115 0
-221 -116 0
-222 -117 0
-223 -118 0
-224 -119 0
-225 -120 0
-211 -316 0
-212 -317 0
-213 -318 0
-214 -319 0
-215 -320 0
-216 -321 0
-217 -322 0
-218 -323 0
-219 -324 0
-220 -325 0
-221 -326 0
-222 -327 0
-223 -328 0
-224 -329 0
-225 -330 0
-211 -241 0
-212 -242 0
-213 -243 0
-214 -244 0
-215 -245 0
-216 -246 0
-217 -247 0
-218 -248 0
-219 -249 0
-220 -250 0
-221 -251 0
-222 -252 0
-223 -253 0
-224 -254 0
-225 -255 0
-211 -91 0
-212 -92 0
-213 -93 0
-214 -94 0
-215 -95 0
-216 -96 0
-217 -97 0
-218 -98 0
-219 -99 0
-220 -100 0
-221 -101 0
-222 -102 0
-223 -103 0
-224 -104 0
-225 -105 0
240 239 238 237 236 235 234 233 232 231 230 229 228 227 226 0
-226 -227 0
-226 -228 0
-226 -229 0
-226 -230 0
-226 -231 0
-226 -232 0
-226 -233 0
-226 -234 0
-226 -235 0
-226 -236 0
-226 -237 0
-226 -238 0
-226 -239 0
-226 -240 0
-227 -228 0
-227 -229 0
-227 -230 0
-227 -231 0
-227 -232 0
-227 -233 0
-227 -234 0
-227 -235 0
-227 -236 0
-227 -237 0
-227 -238 0
-227 -239 0
-227 -240 0
-228 -229 0
-228 -230 0
-228 -231 0
-228 -232 0
-228 -233 0
-228 -234 0
-228 -235 0
-228 -236 0
-228 -237 0
-228 -238 0
-228 -239 0
-228 -240 0
-229 -230 0
-229 -231 0
-229 -232 0
-229 -233 0
-229 -234 0
-229 -235 0
-229 -236 0
-229 -237 0
-229 -238 0
-229 -239 0
-229 -240 0
-230 -231 0
-230 -232 0
-230 -233 0
-230 -234 0
-230 -235 0
-230 -236 0
-230 -237 0
-230 -238 0
-230 -239 0
-230 -240 0
-231 -232 0
-231 -233 0
-231 -234 0
-231 -235 0
-231 -236 0
-231 -237 0
-231 -238 0
-231 -239 0
-231 -240 0
-232 -233 0
-232 -234 0
-232 -235 0
-232 -236 0
-232 -237 0
-232 -238 0
-232 -239 0
-232 -240 0
-233 -234 0
-233 -235 0
-233 -236 0
-233 -237 0
-233 -238 0
-233 -239 0
-233 -240 0
-234 -235 0
-234 -236 0
-234 -237 0
-234 -238 0
-234 -239 0
-234 -240 0
-235 -236 0
-235 -237 0
-235 -238 0
-235 -239 0
-235 -240 0
-236 -237 0
-236 -238 0
-236 -239 0
-236 -240 0
-237 -238 0
-237 -239 0
-237 -240 0
-238 -239 0
-238 -240 0
-239 -240 0
-226 -331 0
-227 -332 0
-228 -333 0
-229 -334 0
-230 -335 0
-231 -336 0
-232 -337 0
-233 -338 0
-234 -339 0
-235 -340 0
-236 -341 0
-237 -342 0
-238 -343 0
-239 -344 0
-240 -345 0
-226 -196 0
-227 -197 0
-228 -198 0
-229 -199 0
-230 -200 0
-231 -201 0
-232 -202 0
-233 -203 0
-234 -204 0
-235 -205 0
-236 -206 0
-237 -207 0
-238 -208 0
-239 -209 0
-240 -210 0
-226 -166 0
-227 -167 0
-228 -168 0
-229 -169 0
-230 -170 0
-231 -171 0
-232 -172 0
-233 -173 0
-234 -174 0
-235 -175 0
-236 -176 0
-237 -177 0
-238 -178 0
-239 -179 0
-240 -180 0
-226 -136 0
-227 -137 0
-228 -138 0
-229 -139 0
-230 -140 0
-231 -141 0
-232 -142 0
-233 -143 0
-234 -144 0
-235 -145 0
-236 -146 0
-237 -147 0
-238 -148 0
-239 -149 0
-240 -150 0
-226 -136 0
-227 -137 0
-228 -138 0
-229 -139 0
-230 -140 0
-231 -141 0
-232 -142 0
-233 -143 0
-234 -144 0
-235 -145 0
-236 -146 0
-237 -147 0
-238 -148 0
-239 -149 0
-240 -150 0
-226 -241 0
-227 -242 0
-228 -243 0
-229 -244 0
-230 -245 0
-231 -246 0
-232 -247 0
-233 -248 0
-234 -249 0
-235 -250 0
-236 -251 0
-237 -252 0
-238 -253 0
-239 -254 0
-240 -255 0
-226 -256 0
-227 -257 0
-228 -258 0
-229 -259 0
-230 -260 0
-231 -261 0
-232 -262 0
-233 -263 0
-234 -264 0
-235 -265 0
-236 -266 0
-237 -267 0
-238 -268 0
-239 -269 0
-240 -270 0
-226 -166 0
-227 -167 0
-228 -168 0
-229 -169 0
-230 -170 0
-231 -171 0
-232 -172 0
-233 -173 0
-234 -174 0
-235 -175 0
-236 -176 0
-237 -177 0
-238 -178 0
-239 -179 0
-240 -180 0
255 254 253 252 251 250 249 248 247 246 245 244 243 242 241 0
-241 -242 0
-241 -243 0
-241 -244 0
-241 -245 0
-241 -246 0
-241 -247 0
-241 -248 0
-241 -249 0
-241 -250 0
-241 -251 0
-241 -252 0
-241 -253 0
-241 -254 0
-241 -255 0
-242 -243 0
-242 -244 0
-242 -245 0
-242 -246 0
-242 -247 0
-242 -248 0
-242 -249 0
-242 -250 0
-242 -251 0
-242 -252 0
-242 -253 0
-242 -254 0
-242 -255 0
-243 -244 0
-243 -245 0
-243 -246 0
-243 -247 0
-243 -248 0
-243 -249 0
-243 -250 0
-243 -251 0
-243 -252 0
-243 -253 0
-243 -254 0
-243 -255 0
-244 -245 0
-244 -246 0
-244 -247 0
-244 -248 0
-244 -249 0
-244 -250 0
-244 -251 0
-244 -252 0
-244 -253 0
-244 -254 0
-244 -255 0
-245 -246 0
-245 -247 0
-245 -248 0
-245 -249 0
-245 -250 0
-245 -251 0
-245 -252 0
-245 -253 0
-245 -254 0
-245 -255 0
-246 -247 0
-246 -248 0
-246 -249 0
-246 -250 0
-246 -251 0
-246 -252 0
-246 -253 0
-246 -254 0
-246 -255 0
-247 -248 0
-247 -249 0
-247 -250 0
-247 -251 0
-247 -252 0
-247 -253 0
-247 -254 0
-247 -255 0
-248 -249 0
-248 -250 0
-248 -251 0
-248 -252 0
-248 -253 0
-248 -254 0
-248 -255 0
-249 -250 0
-249 -251 0
-249 -252 0
-249 -253 0
-249 -254 0
-249 -255 0
-250 -251 0
-250 -252 0
-250 -253 0
-250 -254 0
-250 -255 0
-251 -252 0
-251 -253 0
-251 -254 0
-251 -255 0
-252 -253 0
-252 -254 0
-252 -255 0
-253 -254 0
-253 -255 0
-254 -255 0
-241 -226 0
-242 -227 0
-243 -228 0
-244 -229 0
-245 -230 0
-246 -231 0
-247 -232 0
-248 -233 0
-249 -234 0
-250 -235 0
-251 -236 0
-252 -237 0
-253 -238 0
-254 -239 0
-255 -240 0
-241 -301 0
-242 -302 0
-243 -303 0
-244 -304 0
-245 -305 0
-246 -306 0
-247 -307 0
-248 -308 0
-249 -309 0
-250 -310 0
-251 -311 0
-252 -312 0
-253 -313 0
-254 -314 0
-255 -315 0
270 269 268 267 266 265 264 263 262 261 260 259 258 257 256 0
-256 -257 0
-256 -258 0
-256 -259 0
-256 -260 0
-256 -261 0
-256 -262 0
-256 -263 0
-256 -264 0
-256 -265 0
-256 -266 0
-256 -267 0
-256 -268 0
-256 -269 0
-256 -270 0
-257 -258 0
-257 -259 0
-257 -260 0
-257 -261 0
-257 -262 0
-257 -263 0
-257 -264 0
-257 -265 0
-257 -266 0
-257 -267 0
-257 -268 0
-257 -269 0
-257 -270 0
-258 -259 0
-258 -260 0
-258 -261 0
-258 -262 0
-258 -263 0
-258 -264 0
-258 -265 0
-258 -266 0
-258 -267 0
-258 -268 0
-258 -269 0
-258 -270 0
-259 -260 0
-259 -261 0
-259 -262 0
-259 -263 0
-259 -264 0
-259 -265 0
-259 -266 0
-259 -267 0
-259 -268 0
-259 -269 0
-259 -270 0
-260 -261 0
-260 -262 0
-260 -263 0
-260 -264 0
-260 -265 0
-260 -266 0
-260 -267 0
-260 -268 0
-260 -269 0
-260 -270 0
-261 -262 0
-261 -263 0
-261 -264 0
-261 -265 0
-261 -266 0
-261 -267 0
-261 -268 0
-261 -269 0
-261 -270 0
-262 -263 0
-262 -264 0
-262 -265 0
-262 -266 0
-262 -267 0
-262 -268 0
-262 -269 0
-262 -270 0
-263 -264 0
-263 -265 0
-263 -266 0
-263 -267 0
-263 -268 0
-263 -269 0
-263 -270 0
-264 -265 0
-264 -266 0
-264 -267 0
-264 -268 0
-264 -269 0
-264 -270 0
-265 -266 0
-265 -267 0
-265 -268 0
-265 -269 0
-265 -270 0
-266 -267 0
-266 -268 0
-266 -269 0
-266 -270 0
-267 -268 0
-267 -269 0
-267 -270 0
-268 -269 0
-268 -270 0
-269 -270 0
-256 -376 0
-257 -377 0
-258 -378 0
-259 -379 0
-260 -380 0
-261 -381 0
-262 -382 0
-263 -383 0
-264 -384 0
-265 -385 0
-266 -386 0
-267 -387 0
-268 -388 0
-269 -389 0
-270 -390 0
-256 -286 0
-257 -287 0
-258 -288 0
-259 -289 0
-260 -290 0
-261 -291 0
-262 -292 0
-263 -293 0
-264 -294 0
-265 -295 0
-266 -296 0
-267 -297 0
-268 -298 0
-269 -299 0
-270 -300 0
-256 -106 0
-257 -107 0
-258 -108 0
-259 -109 0
-260 -110 0
-261 -111 0
-262 -112 0
-263 -113 0
-264 -114 0
-265 -115 0
-266 -116 0
-267 -117 0
-268 -118 0
-269 -119 0
-270 -120 0
-256 -151 0
-257 -152 0
-258 -153 0
-259 -154 0
-260 -155 0
-261 -156 0
-262 -157 0
-263 -158 0
-264 -159 0
-265 -160 0
-266 -161 0
-267 -162 0
-268 -163 0
-269 -164 0
-270 -165 0
-256 -271 0
-257 -272 0
-258 -273 0
-259 -274 0
-260 -275 0
-261 -276 0
-262 -277 0
-263 -278 0
-264 -279 0
-265 -280 0
-266 -281 0
-267 -282 0
-268 -283 0
-269 -284 0
-270 -285 0
-256 -76 0
-257 -77 0
-258 -78 0
-259 -79 0
-260 -80 0
-261 -81 0
-262 -82 0
-263 -83 0
-264 -84 0
-265 -85 0
-266 -86 0
-267 -87 0
-268 -88 0
-269 -89 0
-270 -90 0
-256 -226 0
-257 -227 0
-258 -228 0
-259 -229 0
-260 -230 0
-261 -231 0
-262 -232 0
-263 -233 0
-264 -234 0
-265 -235 0
-266 -236 0
-267 -237 0
-268 -238 0
-269 -239 0
-270 -240 0
-256 -211 0
-257 -212 0
-258 -213 0
-259 -214 0
-260 -215 0
-261 -216 0
-262 -217 0
-263 -218 0
-264 -219 0
-265 -220 0
-266 -221 0
-267 -222 0
-268 -223 0
-269 -224 0
-270 -225 0
-256 -106 0
-257 -107 0
-258 -108 0
-259 -109 0
-260 -110 0
-261 -111 0
-262 -112 0
-263 -113 0
-264 -114 0
-265 -115 0
-266 -116 0
-267 -117 0
-268 -118 0
-269 -119 0
-270 -120 0
-256 -1 0
-257 -2 0
-258 -3 0
-259 -4 0
-260 -5 0
-261 -6 0
-262 -7 0
-263 -8 0
-264 -9 0
-265 -10 0
-266 -11 0
-267 -12 0
-268 -13 0
-269 -14 0
-270 -15 0
285 284 283 282 281 280 279 278 277 276 275 274 273 272 271 0
-271 -272 0
-271 -273 0
-271 -274 0
-271 -275 0
-271 -276 0
-271 -277 0
-271 -278 0
-271 -279 0
-271 -280 0
-271 -281 0
-271 -282 0
-271 -283 0
-271 -284 0
-271 -285 0
-272 -273 0
-272 -274 0
-272 -275 0
-272 -276 0
-272 -277 0
-272 -278 0
-272 -279 0
-272 -280 0
-272 -281 0
-272 -282 0
-272 -283 0
-272 -284 0
-272 -285 0
-273 -274 0
-273 -275 0
-273 -276 0
-273 -277 0
-273 -278 0
-273 -279 0
-273 -280 0
-273 -281 0
-273 -282 0
-273 -283 0
-273 -284 0
-273 -285 0
-274 -275 0
-274 -276 0
-274 -277 0
-274 -278 0
-274 -279 0
-274 -280 0
-274 -281 0
-274 -282 0
-274 -283 0
-274 -284 0
-274 -285 0
-275 -276 0
-275 -277 0
-275 -278 0
-275 -279 0
-275 -280 0
-275 -281 0
-275 -282 0
-275 -283 0
-275 -284 0
-275 -285 0
-276 -277 0
-276 -278 0
-276 -279 0
-276 -280 0
-276 -281 0
-276 -282 0
-276 -283 0
-276 -284 0
-276 -285 0
-277 -278 0
-277 -279 0
-277 -280 0
-277 -281 0
-277 -282 0
-277 -283 0
-277 -284 0
-277 -285 0
-278 -279 0
-278 -280 0
-278 -281 0
-278 -282 0
-278 -283 0
-278 -284 0
-278 -285 0
-279 -280 0
-279 -281 0
-279 -282 0
-279 -283 0
-279 -284 0
-279 -285 0
-280 -281 0
-280 -282 0
-280 -283 0
-280 -284 0
-280 -285 0
-281 -282 0
-281 -283 0
-281 -284 0
-281 -285 0
-282 -283 0
-282 -284 0
-282 -285 0
-283 -284 0
-283 -285 0
-284 -285 0
-271 -151 0
-272 -152 0
-273 -153 0
-274 -154 0
-275 -155 0
-276 -156 0
-277 -157 0
-278 -158 0
-279 -159 0
-280 -160 0
-281 -161 0
-282 -162 0
-283 -163 0
-284 -164 0
-285 -165 0
-271 -136 0
-272 -137 0
-273 -138 0
-274 -139 0
-275 -140 0
-276 -141 0
-277 -142 0
-278 -143 0
-279 -144 0
-280 -145 0
-281 -146 0
-282 -147 0
-283 -148 0
-284 -149 0
-285 -150 0
-271 -301 0
-272 -302 0
-273 -303 0
-274 -304 0
-275 -305 0
-276 -306 0
-277 -307 0
-278 -308 0
-279 -309 0
-280 -310 0
-281 -311 0
-282 -312 0
-283 -313 0
-284 -314 0
-285 -315 0
-271 -166 0
-272 -167 0
-273 -168 0
-274 -169 0
-275 -170 0
-276 -171 0
-277 -172 0
-278 -173 0
-279 -174 0
-280 -175 0
-281 -176 0
-282 -177 0
-283 -178 0
-284 -179 0
-285 -180 0
-271 -16 0
-272 -17 0
-273 -18 0
-274 -19 0
-275 -20 0
-276 -21 0
-277 -22 0
-278 -23 0
-279 -24 0
-280 -25 0
-281 -26 0
-282 -27 0
-283 -28 0
-284 -29 0
-285 -30 0
-271 -16 0
-272 -17 0
-273 -18 0
-274 -19 0
-275 -20 0
-276 -21 0
-277 -22 0
-278 -23 0
-279 -24 0
-280 -25 0
-281 -26 0
-282 -27 0
-283 -28 0
-284 -29 0
-285 -30 0
-271 -166 0
-272 -167 0
-273 -168 0
-274 -169 0
-275 -170 0
-276 -171 0
-277 -172 0
-278 -173 0
-279 -174 0
-280 -175 0
-281 -176 0
-282 -177 0
-283 -178 0
-284 -179 0
-285 -180 0
-271 -211 0
-272 -212 0
-273 -213 0
-274 -214 0
-275 -215 0
-276 -216 0
-277 -217 0
-278 -218 0
-279 -219 0
-280 -220 0
-281 -221 0
-282 -222 0
-283 -223 0
-284 -224 0
-285 -225 0
-271 -166 0
-272 -167 0
-273 -168 0
-274 -169 0
-275 -170 0
-276 -171 0
-277 -172 0
-278 -173 0
-279 -174 0
-280 -175 0
-281 -176 0
-282 -177 0
-283 -178 0
-284 -179 0
-285 -180 0
-271 -1 0
-272 -2 0
-273 -3 0
-274 -4 0
-275 -5 0
-276 -6 0
-277 -7 0
-278 -8 0
-279 -9 0
-280 -10 0
-281 -11 0
-282 -12 0
-283 -13 0
-284 -14 0
-285 -15 0
-271 -151 0
-272 -152 0
-273 -153 0
-274 -154 0
-275 -155 0
-276 -156 0
-277 -157 0
-278 -158 0
-279 -159 0
-280 -160 0
-281 -161 0
-282 -162 0
-283 -163 0
-284 -164 0
-285 -165 0
300 299 298 297 296 295 294 293 292 291 290 289 288 287 286 0
-286 -287 0
-286 -288 0
-286 -289 0
-286 -290 0
-286 -291 0
-286 -292 0
-286 -293 0
-286 -294 0
-286 -295 0
-286 -296 0
-286 -297 0
-286 -298 0
-286 -299 0
-286 -300 0
-287 -288 0
-287 -289 0
-287 -290 0
-287 -291 0
-287 -292 0
-287 -293 0
-287 -294 0
-287 -295 0
-287 -296 0
-287 -297 0
-287 -298 0
-287 -299 0
-287 -300 0
-288 -289 0
-288 -290 0
-288 -291 0
-288 -292 0
-288 -293 0
-288 -294 0
-288 -295 0
-288 -296 0
-288 -297 0
-288 -298 0
-288 -299 0
-288 -300 0
-289 -290 0
-289 -291 0
-289 -292 0
-289 -293 0
-289 -294 0
-289 -295 0
-289 -296 0
-289 -297 0
-289 -298 0
-289 -299 0
-289 -300 0
-290 -291 0
-290 -292 0
-290 -293 0
-290 -294 0
-290 -295 0
-290 -296 0
-290 -297 0
-290 -298 0
-290 -299 0
-290 -300 0
-291 -292 0
-291 -293 0
-291 -294 0
-291 -295 0
-291 -296 0
-291 -297 0
-291 -298 0
-291 -299 0
-291 -300 0
-292 -293 0
-292 -294 0
-292 -295 0
-292 -296 0
-292 -297 0
-292 -298 0
-292 -299 0
-292 -300 0
-293 -294 0
-293 -295 0
-293 -296 0
-293 -297 0
-293 -298 0
-293 -299 0
-293 -300 0
-294 -295 0
-294 -296 0
-294 -297 0
-294 -298 0
-294 -299 0
-294 -300 0
-295 -296 0
-295 -297 0
-295 -298 0
-295 -299 0
-295 -300 0
-296 -297 0
-296 -298 0
-296 -299 0
-296 -300 0
-297 -298 0
-297 -299 0
-297 -300 0
-298 -299 0
-298 -300 0
-299 -300 0
-286 -196 0
-287 -197 0
-288 -198 0
-289 -199 0
-290 -200 0
-291 -201 0
-292 -202 0
-293 -203 0
-294 -204 0
-295 -205 0
-296 -206 0
-297 -207 0
-298 -208 0
-299 -209 0
-300 -210 0
-286 -151 0
-287 -152 0
-288 -153 0
-289 -154 0
-290 -155 0
-291 -156 0
-292 -157 0
-293 -158 0
-294 -159 0
-295 -160 0
-296 -161 0
-297 -162 0
-298 -163 0
-299 -164 0
-300 -165 0
-286 -181 0
-287 -182 0
-288 -183 0
-289 -184 0
-290 -185 0
-291 -186 0
-292 -187 0
-293 -188 0
-294 -189 0
-295 -190 0
-296 -191 0
-297 -192 0
-298 -193 0
-299 -194 0
-300 -195 0
-286 -1 0
-287 -2 0
-288 -3 0
-289 -4 0
-290 -5 0
-291 -6 0
-292 -7 0
-293 -8 0
-294 -9 0
-295 -10 0
-296 -11 0
-297 -12 0
-298 -13 0
-299 -14 0
-300 -15 0
-286 -376 0
-287 -377 0
-288 -378 0
-289 -379 0
-290 -380 0
-291 -381 0
-292 -382 0
-293 -383 0
-294 -384 0
-295 -385 0
-296 -386 0
-297 -387 0
-298 -388 0
-299 -389 0
-300 -390 0
-286 -151 0
-287 -152 0
-288 -153 0
-289 -154 0
-290 -155 0
-291 -156 0
-292 -157 0
-293 -158 0
-294 -159 0
-295 -160 0
-296 -161 0
-297 -162 0
-298 -163 0
-299 -164 0
-300 -165 0
-286 -211 0
-287 -212 0
-288 -213 0
-289 -214 0
-290 -215 0
-291 -216 0
-292 -217 0
-293 -218 0
-294 -219 0
-295 -220 0
-296 -221 0
-297 -222 0
-298 -223 0
-299 -224 0
-300 -225 0
315 314 313 312 311 310 309 308 307 306 305 304 303 302 301 0
-301 -302 0
-301 -303 0
-301 -304 0
-301 -305 0
-301 -306 0
-301 -307 0
-301 -308 0
-301 -309 0
-301 -310 0
-301 -311 0
-301 -312 0
-301 -313 0
-301 -314 0
-301 -315 0
-302 -303 0
-302 -304 0
-302 -305 0
-302 -306 0
-302 -307 0
-302 -308 0
-302 -309 0
-302 -310 0
-302 -311 0
-302 -312 0
-302 -313 0
-302 -314 0
-302 -315 0
-303 -304 0
-303 -305 0
-303 -306 0
-303 -307 0
-303 -308 0
-303 -309 0
-303 -310 0
-303 -311 0
-303 -312 0
-303 -313 0
-303 -314 0
-303 -315 0
-304 -305 0
-304 -306 0
-304 -307 0
-304 -308 0
-304 -309 0
-304 -310 0
-304 -311 0
-304 -312 0
-304 -313 0
-304 -314 0
-304 -315 0
-305 -306 0
-305 -307 0
-305 -308 0
-305 -309 0
-305 -310 0
-305 -311 0
-305 -312 0
-305 -313 0
-305 -314 0
-305 -315 0
-306 -307 0
-306 -308 0
-306 -309 0
-306 -310 0
-306 -311 0
-306 -312 0
-306 -313 0
-306 -314 0
-306 -315 0
-307 -308 0
-307 -309 0
-307 -310 0
-307 -311 0
-307 -312 0
-307 -313 0
-307 -314 0
-307 -315 0
-308 -309 0
-308 -310 0
-308 -311 0
-308 -312 0
-308 -313 0
-308 -314 0
-308 -315 0
-309 -310 0
-309 -311 0
-309 -312 0
-309 -313 0
-309 -314 0
-309 -315 0
-310 -311 0
-310 -312 0
-310 -313 0
-310 -314 0
-310 -315 0
-311 -312 0
-311 -313 0
-311 -314 0
-311 -315 0
-312 -313 0
-312 -314 0
-312 -315 0
-313 -314 0
-313 -315 0
-314 -315 0
-301 -346 0
-302 -347 0
-303 -348 0
-304 -349 0
-305 -350 0
-306 -351 0
-307 -352 0
-308 -353 0
-309 -354 0
-310 -355 0
-311 -356 0
-312 -357 0
-313 -358 0
-314 -359 0
-315 -360 0
-301 -241 0
-302 -242 0
-303 -243 0
-304 -244 0
-305 -245 0
-306 -246 0
-307 -247 0
-308 -248 0
-309 -249 0
-310 -250 0
-311 -251 0
-312 -252 0
-313 -253 0
-314 -254 0
-315 -255 0
-301 -31 0
-302 -32 0
-303 -33 0
-304 -34 0
-305 -35 0
-306 -36 0
-307 -37 0
-308 -38 0
-309 -39 0
-310 -40 0
-311 -41 0
-312 -42 0
-313 -43 0
-314 -44 0
-315 -45 0
-301 -181 0
-302 -182 0
-303 -183 0
-304 -184 0
-305 -185 0
-306 -186 0
-307 -187 0
-308 -188 0
-309 -189 0
-310 -190 0
-311 -191 0
-312 -192 0
-313 -193 0
-314 -194 0
-315 -195 0
-301 -271 0
-302 -272 0
-303 -273 0
-304 -274 0
-305 -275 0
-306 -276 0
-307 -277 0
-308 -278 0
-309 -279 0
-310 -280 0
-311 -281 0
-312 -282 0
-313 -283 0
-314 -284 0
-315 -285 0
-301 -181 0
-302 -182 0
-303 -183 0
-304 -184 0
-305 -185 0
-306 -186 0
-307 -187 0
-308 -188 0
-309 -189 0
-310 -190 0
-311 -191 0
-312 -192 0
-313 -193 0
-314 -194 0
-315 -195 0
-301 -121 0
-302 -122 0
-303 -123 0
-304 -124 0
-305 -125 0
-306 -126 0
-307 -127 0
-308 -128 0
-309 -129 0
-310 -130 0
-311 -131 0
-312 -132 0
-313 -133 0
-314 -134 0
-315 -135 0
-301 -166 0
-302 -167 0
-303 -168 0
-304 -169 0
-305 -170 0
-306 -171 0
-307 -172 0
-308 -173 0
-309 -174 0
-310 -175 0
-311 -176 0
-312 -177 0
-313 -178 0
-314 -179 0
-315 -180 0
-301 -106 0
-302 -107 0
-303 -108 0
-304 -109 0
-305 -110 0
-306 -111 0
-307 -112 0
-308 -113 0
-309 -114 0
-310 -115 0
-311 -116 0
-312 -117 0
-313 -118 0
-314 -119 0
-315 -120 0
-301 -346 0
-302 -347 0
-303 -348 0
-304 -349 0
-305 -350 0
-306 -351 0
-307 -352 0
-308 -353 0
-309 -354 0
-310 -355 0
-311 -356 0
-312 -357 0
-313 -358 0
-314 -359 0
-315 -360 0
-301 -31 0
-302 -32 0
-303 -33 0
-304 -34 0
-305 -35 0
-306 -36 0
-307 -37 0
-308 -38 0
-309 -39 0
-310 -40 0
-311 -41 0
-312 -42 0
-313 -43 0
-314 -44 0
-315 -45 0
330 329 328 327 326 325 324 323 322 321 320 319 318 317 316 0
-316 -317 0
-316 -318 0
-316 -319 0
-316 -320 0
-316 -321 0
-316 -322 0
-316 -323 0
-316 -324 0
-316 -325 0
-316 -326 0
-316 -327 0
-316 -328 0
-316 -329 0
-316 -330 0
-317 -318 0
-317 -319 0
-317 -320 0
-317 -321 0
-317 -322 0
-317 -323 0
-317 -324 0
-317 -325 0
-317 -326 0
-317 -327 0
-317 -328 0
-317 -329 0
-317 -330 0
-318 -319 0
-318 -320 0
-318 -321 0
-318 -322 0
-318 -323 0
-318 -324 0
-318 -325 0
-318 -326 0
-318 -327 0
-318 -328 0
-318 -329 0
-318 -330 0
-319 -320 0
-319 -321 0
-319 -322 0
-319 -323 0
-319 -324 0
-319 -325 0
-319 -326 0
-319 -327 0
-319 -328 0
-319 -329 0
-319 -330 0
-320 -321 0
-320 -322 0
-320 -323 0
-320 -324 0
-320 -325 0
-320 -326 0
-320 -327 0
-320 -328 0
-320 -329 0
-320 -330 0
-321 -322 0
-321 -323 0
-321 -324 0
-321 -325 0
-321 -326 0
-321 -327 0
-321 -328 0
-321 -329 0
-321 -330 0
-322 -323 0
-322 -324 0
-322 -325 0
-322 -326 0
-322 -327 0
-322 -328 0
-322 -329 0
-322 -330 0
-323 -324 0
-323 -325 0
-323 -326 0
-323 -327 0
-323 -328 0
-323 -329 0
-323 -330 0
-324 -325 0
-324 -326 0
-324 -327 0
-324 -328 0
-324 -329 0
-324 -330 0
-325 -326 0
-325 -327 0
-325 -328 0
-325 -329 0
-325 -330 0
-326 -327 0
-326 -328 0
-326 -329 0
-326 -330 0
-327 -328 0
-327 -329 0
-327 -330 0
-328 -329 0
-328 -330 0
-329 -330 0
-316 -331 0
-317 -332 0
-318 -333 0
-319 -334 0
-320 -335 0
-321 -336 0
-322 -337 0
-323 -338 0
-324 -339 0
-325 -340 0
-326 -341 0
-327 -342 0
-328 -343 0
-329 -344 0
-330 -345 0
-316 -1 0
-317 -2 0
-318 -3 0
-319 -4 0
-320 -5 0
-321 -6 0
-322 -7 0
-323 -8 0
-324 -9 0
-325 -10 0
-326 -11 0
-327 -12 0
-328 -13 0
-329 -14 0
-330 -15 0
-316 -331 0
-317 -332 0
-318 -333 0
-319 -334 0
-320 -335 0
-321 -336 0
-322 -337 0
-323 -338 0
-324 -339 0
-325 -340 0
-326 -341 0
-327 -342 0
-328 -343 0
-329 -344 0
-330 -345 0
-316 -211 0
-317 -212 0
-318 -213 0
-319 -214 0
-320 -215 0
-321 -216 0
-322 -217 0
-323 -218 0
-324 -219 0
-325 -220 0
-326 -221 0
-327 -222 0
-328 -223 0
-329 -224 0
-330 -225 0
-316 -241 0
-317 -242 0
-318 -243 0
-319 -244 0
-320 -245 0
-321 -246 0
-322 -247 0
-323 -248 0
-324 -249 0
-325 -250 0
-326 -251 0
-327 -252 0
-328 -253 0
-329 -254 0
-330 -255 0
-316 -136 0
-317 -137 0
-318 -138 0
-319 -139 0
-320 -140 0
-321 -141 0
-322 -142 0
-323 -143 0
-324 -144 0
-325 -145 0
-326 -146 0
-327 -147 0
-328 -148 0
-329 -149 0
-330 -150 0
-316 -241 0
-317 -242 0
-318 -243 0
-319 -244 0
-320 -245 0
-321 -246 0
-322 -247 0
-323 -248 0
-324 -249 0
-325 -250 0
-326 -251 0
-327 -252 0
-328 -253 0
-329 -254 0
-330 -255 0
-316 -31 0
-317 -32 0
-318 -33 0
-319 -34 0
-320 -35 0
-321 -36 0
-322 -37 0
-323 -38 0
-324 -39 0
-325 -40 0
-326 -41 0
-327 -42 0
-328 -43 0
-329 -44 0
-330 -45 0
-316 -1 0
-317 -2 0
-318 -3 0
-319 -4 0
-320 -5 0
-321 -6 0
-322 -7 0
-323 -8 0
-324 -9 0
-325 -10 0
-326 -11 0
-327 -12 0
-328 -13 0
-329 -14 0
-330 -15 0
345 344 343 342 341 340 339 338 337 336 335 334 333 332 331 0
-331 -332 0
-331 -333 0
-331 -334 0
-331 -335 0
-331 -336 0
-331 -337 0
-331 -338 0
-331 -339 0
-331 -340 0
-331 -341 0
-331 -342 0
-331 -343 0
-331 -344 0
-331 -345 0
-332 -333 0
-332 -334 0
-332 -335 0
-332 -336 0
-332 -337 0
-332 -338 0
-332 -339 0
-332 -340 0
-332 -341 0
-332 -342 0
-332 -343 0
-332 -344 0
-332 -345 0
-333 -334 0
-333 -335 0
-333 -336 0
-333 -337 0
-333 -338 0
-333 -339 0
-333 -340 0
-333 -341 0
-333 -342 0
-333 -343 0
-333 -344 0
-333 -345 0
-334 -335 0
-334 -336 0
-334 -337 0
-334 -338 0
-334 -339 0
-334 -340 0
-334 -341 0
-334 -342 0
-334 -343 0
-334 -344 0
-334 -345 0
-335 -336 0
-335 -337 0
-335 -338 0
-335 -339 0
-335 -340 0
-335 -341 0
-335 -342 0
-335 -343 0
-335 -344 0
-335 -345 0
-336 -337 0
-336 -338 0
-336 -339 0
-336 -340 0
-336 -341 0
-336 -342 0
-336 -343 0
-336 -344 0
-336 -345 0
-337 -338 0
-337 -339 0
-337 -340 0
-337 -341 0
-337 -342 0
-337 -343 0
-337 -344 0
-337 -345 0
-338 -339 0
-338 -340 0
-338 -341 0
-338 -342 0
-338 -343 0
-338 -344 0
-338 -345 0
-339 -340 0
-339 -341 0
-339 -342 0
-339 -343 0
-339 -344 0
-339 -345 0
-340 -341 0
-340 -342 0
-340 -343 0
-340 -344 0
-340 -345 0
-341 -342 0
-341 -343 0
-341 -344 0
-341 -345 0
-342 -343 0
-342 -344 0
-342 -345 0
-343 -344 0
-343 -345 0
-344 -345 0
-331 -91 0
-332 -92 0
-333 -93 0
-334 -94 0
-335 -95 0
-336 -96 0
-337 -97 0
-338 -98 0
-339 -99 0
-340 -100 0
-341 -101 0
-342 -102 0
-343 -103 0
-344 -104 0
-345 -105 0
-331 -226 0
-332 -227 0
-333 -228 0
-334 -229 0
-335 -230 0
-336 -231 0
-337 -232 0
-338 -233 0
-339 -234 0
-340 -235 0
-341 -236 0
-342 -237 0
-343 -238 0
-344 -239 0
-345 -240 0
-331 -271 0
-332 -272 0
-333 -273 0
-334 -274 0
-335 -275 0
-336 -276 0
-337 -277 0
-338 -278 0
-339 -279 0
-340 -280 0
-341 -281 0
-342 -282 0
-343 -283 0
-344 -284 0
-345 -285 0
-331 -181 0
-332 -182 0
-333 -183 0
-334 -184 0
-335 -185 0
-336 -186 0
-337 -187 0
-338 -188 0
-339 -189 0
-340 -190 0
-341 -191 0
-342 -192 0
-343 -193 0
-344 -194 0
-345 -195 0
-331 -391 0
-332 -392 0
-333 -393 0
-334 -394 0
-335 -395 0
-336 -396 0
-337 -397 0
-338 -398 0
-339 -399 0
-340 -400 0
-341 -401 0
-342 -402 0
-343 -403 0
-344 -404 0
-345 -405 0
360 359 358 357 356 355 354 353 352 351 350 349 348 347 346 0
-346 -347 0
-346 -348 0
-346 -349 0
-346 -350 0
-346 -351 0
-346 -352 0
-346 -353 0
-346 -354 0
-346 -355 0
-346 -356 0
-346 -357 0
-346 -358 0
-346 -359 0
-346 -360 0
-347 -348 0
-347 -349 0
-347 -350 0
-347 -351 0
-347 -352 0
-347 -353 0
-347 -354 0
-347 -355 0
-347 -356 0
-347 -357 0
-347 -358 0
-347 -359 0
-347 -360 0
-348 -349 0
-348 -350 0
-348 -351 0
-348 -352 0
-348 -353 0
-348 -354 0
-348 -355 0
-348 -356 0
-348 -357 0
-348 -358 0
-348 -359 0
-348 -360 0
-349 -350 0
-349 -351 0
-349 -352 0
-349 -353 0
-349 -354 0
-349 -355 0
-349 -356 0
-349 -357 0
-349 -358 0
-349 -359 0
-349 -360 0
-350 -351 0
-350 -352 0
-350 -353 0
-350 -354 0
-350 -355 0
-350 -356 0
-350 -357 0
-350 -358 0
-350 -359 0
-350 -360 0
-351 -352 0
-351 -353 0
-351 -354 0
-351 -355 0
-351 -356 0
-351 -357 0
-351 -358 0
-351 -359 0
-351 -360 0
-352 -353 0
-352 -354 0
-352 -355 0
-352 -356 0
-352 -357 0
-352 -358 0
-352 -359 0
-352 -360 0
-353 -354 0
-353 -355 0
-353 -356 0
-353 -357 0
-353 -358 0
-353 -359 0
-353 -360 0
-354 -355 0
-354 -356 0
-354 -357 0
-354 -358 0
-354 -359 0
-354 -360 0
-355 -356 0
-355 -357 0
-355 -358 0
-355 -359 0
-355 -360 0
-356 -357 0
-356 -358 0
-356 -359 0
-356 -360 0
-357 -358 0
-357 -359 0
-357 -360 0
-358 -359 0
-358 -360 0
-359 -360 0
-346 -361 0
-347 -362 0
-348 -363 0
-349 -364 0
-350 -365 0
-351 -366 0
-352 -367 0
-353 -368 0
-354 -369 0
-355 -370 0
-356 -371 0
-357 -372 0
-358 -373 0
-359 -374 0
-360 -375 0
-346 -61 0
-347 -62 0
-348 -63 0
-349 -64 0
-350 -65 0
-351 -66 0
-352 -67 0
-353 -68 0
-354 -69 0
-355 -70 0
-356 -71 0
-357 -72 0
-358 -73 0
-359 -74 0
-360 -75 0
-346 -211 0
-347 -212 0
-348 -213 0
-349 -214 0
-350 -215 0
-351 -216 0
-352 -217 0
-353 -218 0
-354 -219 0
-355 -220 0
-356 -221 0
-357 -222 0
-358 -223 0
-359 -224 0
-360 -225 0
-346 -91 0
-347 -92 0
-348 -93 0
-349 -94 0
-350 -95 0
-351 -96 0
-352 -97 0
-353 -98 0
-354 -99 0
-355 -100 0
-356 -101 0
-357 -102 0
-358 -103 0
-359 -104 0
-360 -105 0
-346 -106 0
-347 -107 0
-348 -108 0
-349 -109 0
-350 -110 0
-351 -111 0
-352 -112 0
-353 -113 0
-354 -114 0
-355 -115 0
-356 -116 0
-357 -117 0
-358 -118 0
-359 -119 0
-360 -120 0
-346 -271 0
-347 -272 0
-348 -273 0
-349 -274 0
-350 -275 0
-351 -276 0
-352 -277 0
-353 -278 0
-354 -279 0
-355 -280 0
-356 -281 0
-357 -282 0
-358 -283 0
-359 -284 0
-360 -285 0
-346 -106 0
-347 -107 0
-348 -108 0
-349 -109 0
-350 -110 0
-351 -111 0
-352 -112 0
-353 -113 0
-354 -114 0
-355 -115 0
-356 -116 0
-357 -117 0
-358 -118 0
-359 -119 0
-360 -120 0
-346 -31 0
-347 -32 0
-348 -33 0
-349 -34 0
-350 -35 0
-351 -36 0
-352 -37 0
-353 -38 0
-354 -39 0
-355 -40 0
-356 -41 0
-357 -42 0
-358 -43 0
-359 -44 0
-360 -45 0
-346 -241 0
-347 -242 0
-348 -243 0
-349 -244 0
-350 -245 0
-351 -246 0
-352 -247 0
-353 -248 0
-354 -249 0
-355 -250 0
-356 -251 0
-357 -252 0
-358 -253 0
-359 -254 0
-360 -255 0
-346 -136 0
-347 -137 0
-348 -138 0
-349 -139 0
-350 -140 0
-351 -141 0
-352 -142 0
-353 -143 0
-354 -144 0
-355 -145 0
-356 -146 0
-357 -147 0
-358 -148 0
-359 -149 0
-360 -150 0
-346 -211 0
-347 -212 0
-348 -213 0
-349 -214 0
-350 -215 0
-351 -216 0
-352 -217 0
-353 -218 0
-354 -219 0
-355 -220 0
-356 -221 0
-357 -222 0
-358 -223 0
-359 -224 0
-360 -225 0
375 374 373 372 371 370 369 368 367 366 365 364 363 362 361 0
-361 -362 0
-361 -363 0
-361 -364 0
-361 -365 0
-361 -366 0
-361 -367 0
-361 -368 0
-361 -369 0
-361 -370 0
-361 -371 0
-361 -372 0
-361 -373 0
-361 -374 0
-361 -375 0
-362 -363 0
-362 -364 0
-362 -365 0
-362 -366 0
-362 -367 0
-362 -368 0
-362 -369 0
-362 -370 0
-362 -371 0
-362 -372 0
-362 -373 0
-362 -374 0
-362 -375 0
-363 -364 0
-363 -365 0
-363 -366 0
-363 -367 0
-363 -368 0
-363 -369 0
-363 -370 0
-363 -371 0
-363 -372 0
-363 -373 0
-363 -374 0
-363 -375 0
-364 -365 0
-364 -366 0
-364 -367 0
-364 -368 0
-364 -369 0
-364 -370 0
-364 -371 0
-364 -372 0
-364 -373 0
-364 -374 0
-364 -375 0
-365 -366 0
-365 -367 0
-365 -368 0
-365 -369 0
-365 -370 0
-365 -371 0
-365 -372 0
-365 -373 0
-365 -374 0
-365 -375 0
-366 -367 0
-366 -368 0
-366 -369 0
-366 -370 0
-366 -371 0
-366 -372 0
-366 -373 0
-366 -374 0
-366 -375 0
-367 -368 0
-367 -369 0
-367 -370 0
-367 -371 0
-367 -372 0
-367 -373 0
-367 -374 0
-367 -375 0
-368 -369 0
-368 -370 0
-368 -371 0
-368 -372 0
-368 -373 0
-368 -374 0
-368 -375 0
-369 -370 0
-369 -371 0
-369 -372 0
-369 -373 0
-369 -374 0
-369 -375 0
-370 -371 0
-370 -372 0
-370 -373 0
-370 -374 0
-370 -375 0
-371 -372 0
-371 -373 0
-371 -374 0
-371 -375 0
-372 -373 0
-372 -374 0
-372 -375 0
-373 -374 0
-373 -375 0
-374 -375 0
-361 -121 0
-362 -122 0
-363 -123 0
-364 -124 0
-365 -125 0
-366 -126 0
-367 -127 0
-368 -128 0
-369 -129 0
-370 -130 0
-371 -131 0
-372 -132 0
-373 -133 0
-374 -134 0
-375 -135 0
-361 -301 0
-362 -302 0
-363 -303 0
-364 -304 0
-365 -305 0
-366 -306 0
-367 -307 0
-368 -308 0
-369 -309 0
-370 -310 0
-371 -311 0
-372 -312 0
-373 -313 0
-374 -314 0
-375 -315 0
-361 -286 0
-362 -287 0
-363 -288 0
-364 -289 0
-365 -290 0
-366 -291 0
-367 -292 0
-368 -293 0
-369 -294 0
-370 -295 0
-371 -296 0
-372 -297 0
-373 -298 0
-374 -299 0
-375 -300 0
-361 -226 0
-362 -227 0
-363 -228 0
-364 -229 0
-365 -230 0
-366 -231 0
-367 -232 0
-368 -233 0
-369 -234 0
-370 -235 0
-371 -236 0
-372 -237 0
-373 -238 0
-374 -239 0
-375 -240 0
-361 -16 0
-362 -17 0
-363 -18 0
-364 -19 0
-365 -20 0
-366 -21 0
-367 -22 0
-368 -23 0
-369 -24 0
-370 -25 0
-371 -26 0
-372 -27 0
-373 -28 0
-374 -29 0
-375 -30 0
-361 -331 0
-362 -332 0
-363 -333 0
-364 -334 0
-365 -335 0
-366 -336 0
-367 -337 0
-368 -338 0
-369 -339 0
-370 -340 0
-371 -341 0
-372 -342 0
-373 -343 0
-374 -344 0
-375 -345 0
-361 -271 0
-362 -272 0
-363 -273 0
-364 -274 0
-365 -275 0
-366 -276 0
-367 -277 0
-368 -278 0
-369 -279 0
-370 -280 0
-371 -281 0
-372 -282 0
-373 -283 0
-374 -284 0
-375 -285 0
390 389 388 387 386 385 384 383 382 381 380 379 378 377 376 0
-376 -377 0
-376 -378 0
-376 -379 0
-376 -380 0
-376 -381 0
-376 -382 0
-376 -383 0
-376 -384 0
-376 -385 0
-376 -386 0
-376 -387 0
-376 -388 0
-376 -389 0
-376 -390 0
-377 -378 0
-377 -379 0
-377 -380 0
-377 -381 0
-377 -382 0
-377 -383 0
-377 -384 0
-377 -385 0
-377 -386 0
-377 -387 0
-377 -388 0
-377 -389 0
-377 -390 0
-378 -379 0
-378 -380 0
-378 -381 0
-378 -382 0
-378 -383 0
-378 -384 0
-378 -385 0
-378 -386 0
-378 -387 0
-378 -388 0
-378 -389 0
-378 -390 0
-379 -380 0
-379 -381 0
-379 -382 0
-379 -383 0
-379 -384 0
-379 -385 0
-379 -386 0
-379 -387 0
-379 -388 0
-379 -389 0
-379 -390 0
-380 -381 0
-380 -382 0
-380 -383 0
-380 -384 0
-380 -385 0
-380 -386 0
-380 -387 0
-380 -388 0
-380 -389 0
-380 -390 0
-381 -382 0
-381 -383 0
-381 -384 0
-381 -385 0
-381 -386 0
-381 -387 0
-381 -388 0
-381 -389 0
-381 -390 0
-382 -383 0
-382 -384 0
-382 -385 0
-382 -386 0
-382 -387 0
-382 -388 0
-382 -389 0
-382 -390 0
-383 -384 0
-383 -385 0
-383 -386 0
-383 -387 0
-383 -388 0
-383 -389 0
-383 -390 0
-384 -385 0
-384 -386 0
-384 -387 0
-384 -388 0
-384 -389 0
-384 -390 0
-385 -386 0
-385 -387 0
-385 -388 0
-385 -389 0
-385 -390 0
-386 -387 0
-386 -388 0
-386 -389 0
-386 -390 0
-387 -388 0
-387 -389 0
-387 -390 0
-388 -389 0
-388 -390 0
-389 -390 0
-376 -331 0
-377 -332 0
-378 -333 0
-379 -334 0
-380 -335 0
-381 -336 0
-382 -337 0
-383 -338 0
-384 -339 0
-385 -340 0
-386 -341 0
-387 -342 0
-388 -343 0
-389 -344 0
-390 -345 0
-376 -361 0
-377 -362 0
-378 -363 0
-379 -364 0
-380 -365 0
-381 -366 0
-382 -367 0
-383 -368 0
-384 -369 0
-385 -370 0
-386 -371 0
-387 -372 0
-388 -373 0
-389 -374 0
-390 -375 0
405 404 403 402 401 400 399 398 397 396 395 394 393 392 391 0
-391 -392 0
-391 -393 0
-391 -394 0
-391 -395 0
-391 -396 0
-391 -397 0
-391 -398 0
-391 -399 0
-391 -400 0
-391 -401 0
-391 -402 0
-391 -403 0
-391 -404 0
-391 -405 0
-392 -393 0
-392 -394 0
-392 -395 0
-392 -396 0
-392 -397 0
-392 -398 0
-392 -399 0
-392 -400 0
-392 -401 0
-392 -402 0
-392 -403 0
-392 -404 0
-392 -405 0
-393 -394 0
-393 -395 0
-393 -396 0
-393 -397 0
-393 -398 0
-393 -399 0
-393 -400 0
-393 -401 0
-393 -402 0
-393 -403 0
-393 -404 0
-393 -405 0
-394 -395 0
-394 -396 0
-394 -397 0
-394 -398 0
-394 -399 0
-394 -400 0
-394 -401 0
-394 -402 0
-394 -403 0
-394 -404 0
-394 -405 0
-395 -396 0
-395 -397 0
-395 -398 0
-395 -399 0
-395 -400 0
-395 -401 0
-395 -402 0
-395 -403 0
-395 -404 0
-395 -405 0
-396 -397 0
-396 -398 0
-396 -399 0
-396 -400 0
-396 -401 0
-396 -402 0
-396 -403 0
-396 -404 0
-396 -405 0
-397 -398 0
-397 -399 0
-397 -400 0
-397 -401 0
-397 -402 0
-397 -403 0
-397 -404 0
-397 -405 0
-398 -399 0
-398 -400 0
-398 -401 0
-398 -402 0
-398 -403 0
-398 -404 0
-398 -405 0
-399 -400 0
-399 -401 0
-399 -402 0
-399 -403 0
-399 -404 0
-399 -405 0
-400 -401 0
-400 -402 0
-400 -403 0
-400 -404 0
-400 -405 0
-401 -402 0
-401 -403 0
-401 -404 0
-401 -405 0
-402 -403 0
-402 -404 0
-402 -405 0
-403 -404 0
-403 -405 0
-404 -405 0
-391 -211 0
-392 -212 0
-393 -213 0
-394 -214 0
-395 -215 0
-396 -216 0
-397 -217 0
-398 -218 0
-399 -219 0
-400 -220 0
-401 -221 0
-402 -222 0
-403 -223 0
-404 -224 0
-405 -225 0
-391 -61 0
-392 -62 0
-393 -63 0
-394 -64 0
-395 -65 0
-396 -66 0
-397 -67 0
-398 -68 0
-399 -69 0
-400 -70 0
-401 -71 0
-402 -72 0
-403 -73 0
-404 -74 0
-405 -75 0
-391 -91 0
-392 -92 0
-393 -93 0
-394 -94 0
-395 -95 0
-396 -96 0
-397 -97 0
-398 -98 0
-399 -99 0
-400 -100 0
-401 -101 0
-402 -102 0
-403 -103 0
-404 -104 0
-405 -105 0
-391 -301 0
-392 -302 0
-393 -303 0
-394 -304 0
-395 -305 0
-396 -306 0
-397 -307 0
-398 -308 0
-399 -309 0
-400 -310 0
-401 -311 0
-402 -312 0
-403 -313 0
-404 -314 0
-405 -315 0
-391 -106 0
-392 -107 0
-393 -108 0
-394 -109 0
-395 -110 0
-396 -111 0
-397 -112 0
-398 -113 0
-399 -114 0
-400 -115 0
-401 -116 0
-402 -117 0
-403 -118 0
-404 -119 0
-405 -120 0
-391 -301 0
-392 -302 0
-393 -303 0
-394 -304 0
-395 -305 0
-396 -306 0
-397 -307 0
-398 -308 0
-399 -309 0
-400 -310 0
-401 -311 0
-402 -312 0
-403 -313 0
-404 -314 0
-405 -315 0
-391 -286 0
-392 -287 0
-393 -288 0
-394 -289 0
-395 -290 0
-396 -291 0
-397 -292 0
-398 -293 0
-399 -294 0
-400 -295 0
-401 -296 0
-402 -297 0
-403 -298 0
-404 -299 0
-405 -300 0
-391 -31 0
-392 -32 0
-393 -33 0
-394 -34 0
-395 -35 0
-396 -36 0
-397 -37 0
-398 -38 0
-399 -39 0
-400 -40 0
-401 -41 0
-402 -42 0
-403 -43 0
-404 -44 0
-405 -45 0
-391 -151 0
-392 -152 0
-393 -153 0
-394 -154 0
-395 -155 0
-396 -156 0
-397 -157 0
-398 -158 0
-399 -159 0
-400 -160 0
-401 -161 0
-402 -162 0
-403 -163 0
-404 -164 0
-405 -165 0
-391 -271 0
-392 -272 0
-393 -273 0
-394 -274 0
-395 -275 0
-396 -276 0
-397 -277 0
-398 -278 0
-399 -279 0
-400 -280 0
-401 -281 0
-402 -282 0
-403 -283 0
-404 -284 0
-405 -285 0
1 0
107 0
