c Graph Colouring to DIMACS
p cnf 450 6527
15 14 13 12 11 10 9 8 7 6 5 4 3 2 1 0
-1 -2 0
-1 -3 0
-1 -4 0
-1 -5 0
-1 -6 0
-1 -7 0
-1 -8 0
-1 -9 0
-1 -10 0
-1 -11 0
-1 -12 0
-1 -13 0
-1 -14 0
-1 -15 0
-2 -3 0
-2 -4 0
-2 -5 0
-2 -6 0
-2 -7 0
-2 -8 0
-2 -9 0
-2 -10 0
-2 -11 0
-2 -12 0
-2 -13 0
-2 -14 0
-2 -15 0
-3 -4 0
-3 -5 0
-3 -6 0
-3 -7 0
-3 -8 0
-3 -9 0
-3 -10 0
-3 -11 0
-3 -12 0
-3 -13 0
-3 -14 0
-3 -15 0
-4 -5 0
-4 -6 0
-4 -7 0
-4 -8 0
-4 -9 0
-4 -10 0
-4 -11 0
-4 -12 0
-4 -13 0
-4 -14 0
-4 -15 0
-5 -6 0
-5 -7 0
-5 -8 0
-5 -9 0
-5 -10 0
-5 -11 0
-5 -12 0
-5 -13 0
-5 -14 0
-5 -15 0
-6 -7 0
-6 -8 0
-6 -9 0
-6 -10 0
-6 -11 0
-6 -12 0
-6 -13 0
-6 -14 0
-6 -15 0
-7 -8 0
-7 -9 0
-7 -10 0
-7 -11 0
-7 -12 0
-7 -13 0
-7 -14 0
-7 -15 0
-8 -9 0
-8 -10 0
-8 -11 0
-8 -12 0
-8 -13 0
-8 -14 0
-8 -15 0
-9 -10 0
-9 -11 0
-9 -12 0
-9 -13 0
-9 -14 0
-9 -15 0
-10 -11 0
-10 -12 0
-10 -13 0
-10 -14 0
-10 -15 0
-11 -12 0
-11 -13 0
-11 -14 0
-11 -15 0
-12 -13 0
-12 -14 0
-12 -15 0
-13 -14 0
-13 -15 0
-14 -15 0
-1 -436 0
-2 -437 0
-3 -438 0
-4 -439 0
-5 -440 0
-6 -441 0
-7 -442 0
-8 -443 0
-9 -444 0
-10 -445 0
-11 -446 0
-12 -447 0
-13 -448 0
-14 -449 0
-15 -450 0
-1 -286 0
-2 -287 0
-3 -288 0
-4 -289 0
-5 -290 0
-6 -291 0
-7 -292 0
-8 -293 0
-9 -294 0
-10 -295 0
-11 -296 0
-12 -297 0
-13 -298 0
-14 -299 0
-15 -300 0
-1 -121 0
-2 -122 0
-3 -123 0
-4 -124 0
-5 -125 0
-6 -126 0
-7 -127 0
-8 -128 0
-9 -129 0
-10 -130 0
-11 -131 0
-12 -132 0
-13 -133 0
-14 -134 0
-15 -135 0
-1 -226 0
-2 -227 0
-3 -228 0
-4 -229 0
-5 -230 0
-6 -231 0
-7 -232 0
-8 -233 0
-9 -234 0
-10 -235 0
-11 -236 0
-12 -237 0
-13 -238 0
-14 -239 0
-15 -240 0
-1 -181 0
-2 -182 0
-3 -183 0
-4 -184 0
-5 -185 0
-6 -186 0
-7 -187 0
-8 -188 0
-9 -189 0
-10 -190 0
-11 -191 0
-12 -192 0
-13 -193 0
-14 -194 0
-15 -195 0
-1 -136 0
-2 -137 0
-3 -138 0
-4 -139 0
-5 -140 0
-6 -141 0
-7 -142 0
-8 -143 0
-9 -144 0
-10 -145 0
-11 -146 0
-12 -147 0
-13 -148 0
-14 -149 0
-15 -150 0
-1 -286 0
-2 -287 0
-3 -288 0
-4 -289 0
-5 -290 0
-6 -291 0
-7 -292 0
-8 -293 0
-9 -294 0
-10 -295 0
-11 -296 0
-12 -297 0
-13 -298 0
-14 -299 0
-15 -300 0
-1 -151 0
-2 -152 0
-3 -153 0
-4 -154 0
-5 -155 0
-6 -156 0
-7 -157 0
-8 -158 0
-9 -159 0
-10 -160 0
-11 -161 0
-12 -162 0
-13 -163 0
-14 -164 0
-15 -165 0
30 29 28 27 26 25 24 23 22 21 20 19 18 17 16 0
-16 -17 0
-16 -18 0
-16 -19 0
-16 -20 0
-16 -21 0
-16 -22 0
-16 -23 0
-16 -24 0
-16 -25 0
-16 -26 0
-16 -27 0
-16 -28 0
-16 -29 0
-16 -30 0
-17 -18 0
-17 -19 0
-17 -20 0
-17 -21 0
-17 -22 0
-17 -23 0
-17 -24 0
-17 -25 0
-17 -26 0
-17 -27 0
-17 -28 0
-17 -29 0
-17 -30 0
-18 -19 0
-18 -20 0
-18 -21 0
-18 -22 0
-18 -23 0
-18 -24 0
-18 -25 0
-18 -26 0
-18 -27 0
-18 -28 0
-18 -29 0
-18 -30 0
-19 -20 0
-19 -21 0
-19 -22 0
-19 -23 0
-19 -24 0
-19 -25 0
-19 -26 0
-19 -27 0
-19 -28 0
-19 -29 0
-19 -30 0
-20 -21 0
-20 -22 0
-20 -23 0
-20 -24 0
-20 -25 0
-20 -26 0
-20 -27 0
-20 -28 0
-20 -29 0
-20 -30 0
-21 -22 0
-21 -23 0
-21 -24 0
-21 -25 0
-21 -26 0
-21 -27 0
-21 -28 0
-21 -29 0
-21 -30 0
-22 -23 0
-22 -24 0
-22 -25 0
-22 -26 0
-22 -27 0
-22 -28 0
-22 -29 0
-22 -30 0
-23 -24 0
-23 -25 0
-23 -26 0
-23 -27 0
-23 -28 0
-23 -29 0
-23 -30 0
-24 -25 0
-24 -26 0
-24 -27 0
-24 -28 0
-24 -29 0
-24 -30 0
-25 -26 0
-25 -27 0
-25 -28 0
-25 -29 0
-25 -30 0
-26 -27 0
-26 -28 0
-26 -29 0
-26 -30 0
-27 -28 0
-27 -29 0
-27 -30 0
-28 -29 0
-28 -30 0
-29 -30 0
-16 -1 0
-17 -2 0
-18 -3 0
-19 -4 0
-20 -5 0
-21 -6 0
-22 -7 0
-23 -8 0
-24 -9 0
-25 -10 0
-26 -11 0
-27 -12 0
-28 -13 0
-29 -14 0
-30 -15 0
-16 -256 0
-17 -257 0
-18 -258 0
-19 -259 0
-20 -260 0
-21 -261 0
-22 -262 0
-23 -263 0
-24 -264 0
-25 -265 0
-26 -266 0
-27 -267 0
-28 -268 0
-29 -269 0
-30 -270 0
-16 -226 0
-17 -227 0
-18 -228 0
-19 -229 0
-20 -230 0
-21 -231 0
-22 -232 0
-23 -233 0
-24 -234 0
-25 -235 0
-26 -236 0
-27 -237 0
-28 -238 0
-29 -239 0
-30 -240 0
-16 -241 0
-17 -242 0
-18 -243 0
-19 -244 0
-20 -245 0
-21 -246 0
-22 -247 0
-23 -248 0
-24 -249 0
-25 -250 0
-26 -251 0
-27 -252 0
-28 -253 0
-29 -254 0
-30 -255 0
-16 -226 0
-17 -227 0
-18 -228 0
-19 -229 0
-20 -230 0
-21 -231 0
-22 -232 0
-23 -233 0
-24 -234 0
-25 -235 0
-26 -236 0
-27 -237 0
-28 -238 0
-29 -239 0
-30 -240 0
-16 -376 0
-17 -377 0
-18 -378 0
-19 -379 0
-20 -380 0
-21 -381 0
-22 -382 0
-23 -383 0
-24 -384 0
-25 -385 0
-26 -386 0
-27 -387 0
-28 -388 0
-29 -389 0
-30 -390 0
-16 -361 0
-17 -362 0
-18 -363 0
-19 -364 0
-20 -365 0
-21 -366 0
-22 -367 0
-23 -368 0
-24 -369 0
-25 -370 0
-26 -371 0
-27 -372 0
-28 -373 0
-29 -374 0
-30 -375 0
-16 -151 0
-17 -152 0
-18 -153 0
-19 -154 0
-20 -155 0
-21 -156 0
-22 -157 0
-23 -158 0
-24 -159 0
-25 -160 0
-26 -161 0
-27 -162 0
-28 -163 0
-29 -164 0
-30 -165 0
-16 -301 0
-17 -302 0
-18 -303 0
-19 -304 0
-20 -305 0
-21 -306 0
-22 -307 0
-23 -308 0
-24 -309 0
-25 -310 0
-26 -311 0
-27 -312 0
-28 -313 0
-29 -314 0
-30 -315 0
-16 -421 0
-17 -422 0
-18 -423 0
-19 -424 0
-20 -425 0
-21 -426 0
-22 -427 0
-23 -428 0
-24 -429 0
-25 -430 0
-26 -431 0
-27 -432 0
-28 -433 0
-29 -434 0
-30 -435 0
45 44 43 42 41 40 39 38 37 36 35 34 33 32 31 0
-31 -32 0
-31 -33 0
-31 -34 0
-31 -35 0
-31 -36 0
-31 -37 0
-31 -38 0
-31 -39 0
-31 -40 0
-31 -41 0
-31 -42 0
-31 -43 0
-31 -44 0
-31 -45 0
-32 -33 0
-32 -34 0
-32 -35 0
-32 -36 0
-32 -37 0
-32 -38 0
-32 -39 0
-32 -40 0
-32 -41 0
-32 -42 0
-32 -43 0
-32 -44 0
-32 -45 0
-33 -34 0
-33 -35 0
-33 -36 0
-33 -37 0
-33 -38 0
-33 -39 0
-33 -40 0
-33 -41 0
-33 -42 0
-33 -43 0
-33 -44 0
-33 -45 0
-34 -35 0
-34 -36 0
-34 -37 0
-34 -38 0
-34 -39 0
-34 -40 0
-34 -41 0
-34 -42 0
-34 -43 0
-34 -44 0
-34 -45 0
-35 -36 0
-35 -37 0
-35 -38 0
-35 -39 0
-35 -40 0
-35 -41 0
-35 -42 0
-35 -43 0
-35 -44 0
-35 -45 0
-36 -37 0
-36 -38 0
-36 -39 0
-36 -40 0
-36 -41 0
-36 -42 0
-36 -43 0
-36 -44 0
-36 -45 0
-37 -38 0
-37 -39 0
-37 -40 0
-37 -41 0
-37 -42 0
-37 -43 0
-37 -44 0
-37 -45 0
-38 -39 0
-38 -40 0
-38 -41 0
-38 -42 0
-38 -43 0
-38 -44 0
-38 -45 0
-39 -40 0
-39 -41 0
-39 -42 0
-39 -43 0
-39 -44 0
-39 -45 0
-40 -41 0
-40 -42 0
-40 -43 0
-40 -44 0
-40 -45 0
-41 -42 0
-41 -43 0
-41 -44 0
-41 -45 0
-42 -43 0
-42 -44 0
-42 -45 0
-43 -44 0
-43 -45 0
-44 -45 0
-31 -421 0
-32 -422 0
-33 -423 0
-34 -424 0
-35 -425 0
-36 -426 0
-37 -427 0
-38 -428 0
-39 -429 0
-40 -430 0
-41 -431 0
-42 -432 0
-43 -433 0
-44 -434 0
-45 -435 0
-31 -166 0
-32 -167 0
-33 -168 0
-34 -169 0
-35 -170 0
-36 -171 0
-37 -172 0
-38 -173 0
-39 -174 0
-40 -175 0
-41 -176 0
-42 -177 0
-43 -178 0
-44 -179 0
-45 -180 0
-31 -301 0
-32 -302 0
-33 -303 0
-34 -304 0
-35 -305 0
-36 -306 0
-37 -307 0
-38 -308 0
-39 -309 0
-40 -310 0
-41 -311 0
-42 -312 0
-43 -313 0
-44 -314 0
-45 -315 0
-31 -361 0
-32 -362 0
-33 -363 0
-34 -364 0
-35 -365 0
-36 -366 0
-37 -367 0
-38 -368 0
-39 -369 0
-40 -370 0
-41 -371 0
-42 -372 0
-43 -373 0
-44 -374 0
-45 -375 0
-31 -181 0
-32 -182 0
-33 -183 0
-34 -184 0
-35 -185 0
-36 -186 0
-37 -187 0
-38 -188 0
-39 -189 0
-40 -190 0
-41 -191 0
-42 -192 0
-43 -193 0
-44 -194 0
-45 -195 0
-31 -181 0
-32 -182 0
-33 -183 0
-34 -184 0
-35 -185 0
-36 -186 0
-37 -187 0
-38 -188 0
-39 -189 0
-40 -190 0
-41 -191 0
-42 -192 0
-43 -193 0
-44 -194 0
-45 -195 0
-31 -196 0
-32 -197 0
-33 -198 0
-34 -199 0
-35 -200 0
-36 -201 0
-37 -202 0
-38 -203 0
-39 -204 0
-40 -205 0
-41 -206 0
-42 -207 0
-43 -208 0
-44 -209 0
-45 -210 0
60 59 58 57 56 55 54 53 52 51 50 49 48 47 46 0
-46 -47 0
-46 -48 0
-46 -49 0
-46 -50 0
-46 -51 0
-46 -52 0
-46 -53 0
-46 -54 0
-46 -55 0
-46 -56 0
-46 -57 0
-46 -58 0
-46 -59 0
-46 -60 0
-47 -48 0
-47 -49 0
-47 -50 0
-47 -51 0
-47 -52 0
-47 -53 0
-47 -54 0
-47 -55 0
-47 -56 0
-47 -57 0
-47 -58 0
-47 -59 0
-47 -60 0
-48 -49 0
-48 -50 0
-48 -51 0
-48 -52 0
-48 -53 0
-48 -54 0
-48 -55 0
-48 -56 0
-48 -57 0
-48 -58 0
-48 -59 0
-48 -60 0
-49 -50 0
-49 -51 0
-49 -52 0
-49 -53 0
-49 -54 0
-49 -55 0
-49 -56 0
-49 -57 0
-49 -58 0
-49 -59 0
-49 -60 0
-50 -51 0
-50 -52 0
-50 -53 0
-50 -54 0
-50 -55 0
-50 -56 0
-50 -57 0
-50 -58 0
-50 -59 0
-50 -60 0
-51 -52 0
-51 -53 0
-51 -54 0
-51 -55 0
-51 -56 0
-51 -57 0
-51 -58 0
-51 -59 0
-51 -60 0
-52 -53 0
-52 -54 0
-52 -55 0
-52 -56 0
-52 -57 0
-52 -58 0
-52 -59 0
-52 -60 0
-53 -54 0
-53 -55 0
-53 -56 0
-53 -57 0
-53 -58 0
-53 -59 0
-53 -60 0
-54 -55 0
-54 -56 0
-54 -57 0
-54 -58 0
-54 -59 0
-54 -60 0
-55 -56 0
-55 -57 0
-55 -58 0
-55 -59 0
-55 -60 0
-56 -57 0
-56 -58 0
-56 -59 0
-56 -60 0
-57 -58 0
-57 -59 0
-57 -60 0
-58 -59 0
-58 -60 0
-59 -60 0
-46 -376 0
-47 -377 0
-48 -378 0
-49 -379 0
-50 -380 0
-51 -381 0
-52 -382 0
-53 -383 0
-54 -384 0
-55 -385 0
-56 -386 0
-57 -387 0
-58 -388 0
-59 -389 0
-60 -390 0
-46 -436 0
-47 -437 0
-48 -438 0
-49 -439 0
-50 -440 0
-51 -441 0
-52 -442 0
-53 -443 0
-54 -444 0
-55 -445 0
-56 -446 0
-57 -447 0
-58 -448 0
-59 -449 0
-60 -450 0
-46 -376 0
-47 -377 0
-48 -378 0
-49 -379 0
-50 -380 0
-51 -381 0
-52 -382 0
-53 -383 0
-54 -384 0
-55 -385 0
-56 -386 0
-57 -387 0
-58 -388 0
-59 -389 0
-60 -390 0
-46 -226 0
-47 -227 0
-48 -228 0
-49 -229 0
-50 -230 0
-51 -231 0
-52 -232 0
-53 -233 0
-54 -234 0
-55 -235 0
-56 -236 0
-57 -237 0
-58 -238 0
-59 -239 0
-60 -240 0
-46 -406 0
-47 -407 0
-48 -408 0
-49 -409 0
-50 -410 0
-51 -411 0
-52 -412 0
-53 -413 0
-54 -414 0
-55 -415 0
-56 -416 0
-57 -417 0
-58 -418 0
-59 -419 0
-60 -420 0
-46 -91 0
-47 -92 0
-48 -93 0
-49 -94 0
-50 -95 0
-51 -96 0
-52 -97 0
-53 -98 0
-54 -99 0
-55 -100 0
-56 -101 0
-57 -102 0
-58 -103 0
-59 -104 0
-60 -105 0
-46 -181 0
-47 -182 0
-48 -183 0
-49 -184 0
-50 -185 0
-51 -186 0
-52 -187 0
-53 -188 0
-54 -189 0
-55 -190 0
-56 -191 0
-57 -192 0
-58 -193 0
-59 -194 0
-60 -195 0
-46 -166 0
-47 -167 0
-48 -168 0
-49 -169 0
-50 -170 0
-51 -171 0
-52 -172 0
-53 -173 0
-54 -174 0
-55 -175 0
-56 -176 0
-57 -177 0
-58 -178 0
-59 -179 0
-60 -180 0
-46 -256 0
-47 -257 0
-48 -258 0
-49 -259 0
-50 -260 0
-51 -261 0
-52 -262 0
-53 -263 0
-54 -264 0
-55 -265 0
-56 -266 0
-57 -267 0
-58 -268 0
-59 -269 0
-60 -270 0
-46 -301 0
-47 -302 0
-48 -303 0
-49 -304 0
-50 -305 0
-51 -306 0
-52 -307 0
-53 -308 0
-54 -309 0
-55 -310 0
-56 -311 0
-57 -312 0
-58 -313 0
-59 -314 0
-60 -315 0
-46 -406 0
-47 -407 0
-48 -408 0
-49 -409 0
-50 -410 0
-51 -411 0
-52 -412 0
-53 -413 0
-54 -414 0
-55 -415 0
-56 -416 0
-57 -417 0
-58 -418 0
-59 -419 0
-60 -420 0
-46 -271 0
-47 -272 0
-48 -273 0
-49 -274 0
-50 -275 0
-51 -276 0
-52 -277 0
-53 -278 0
-54 -279 0
-55 -280 0
-56 -281 0
-57 -282 0
-58 -283 0
-59 -284 0
-60 -285 0
75 74 73 72 71 70 69 68 67 66 65 64 63 62 61 0
-61 -62 0
-61 -63 0
-61 -64 0
-61 -65 0
-61 -66 0
-61 -67 0
-61 -68 0
-61 -69 0
-61 -70 0
-61 -71 0
-61 -72 0
-61 -73 0
-61 -74 0
-61 -75 0
-62 -63 0
-62 -64 0
-62 -65 0
-62 -66 0
-62 -67 0
-62 -68 0
-62 -69 0
-62 -70 0
-62 -71 0
-62 -72 0
-62 -73 0
-62 -74 0
-62 -75 0
-63 -64 0
-63 -65 0
-63 -66 0
-63 -67 0
-63 -68 0
-63 -69 0
-63 -70 0
-63 -71 0
-63 -72 0
-63 -73 0
-63 -74 0
-63 -75 0
-64 -65 0
-64 -66 0
-64 -67 0
-64 -68 0
-64 -69 0
-64 -70 0
-64 -71 0
-64 -72 0
-64 -73 0
-64 -74 0
-64 -75 0
-65 -66 0
-65 -67 0
-65 -68 0
-65 -69 0
-65 -70 0
-65 -71 0
-65 -72 0
-65 -73 0
-65 -74 0
-65 -75 0
-66 -67 0
-66 -68 0
-66 -69 0
-66 -70 0
-66 -71 0
-66 -72 0
-66 -73 0
-66 -74 0
-66 -75 0
-67 -68 0
-67 -69 0
-67 -70 0
-67 -71 0
-67 -72 0
-67 -73 0
-67 -74 0
-67 -75 0
-68 -69 0
-68 -70 0
-68 -71 0
-68 -72 0
-68 -73 0
-68 -74 0
-68 -75 0
-69 -70 0
-69 -71 0
-69 -72 0
-69 -73 0
-69 -74 0
-69 -75 0
-70 -71 0
-70 -72 0
-70 -73 0
-70 -74 0
-70 -75 0
-71 -72 0
-71 -73 0
-71 -74 0
-71 -75 0
-72 -73 0
-72 -74 0
-72 -75 0
-73 -74 0
-73 -75 0
-74 -75 0
-61 -46 0
-62 -47 0
-63 -48 0
-64 -49 0
-65 -50 0
-66 -51 0
-67 -52 0
-68 -53 0
-69 -54 0
-70 -55 0
-71 -56 0
-72 -57 0
-73 -58 0
-74 -59 0
-75 -60 0
-61 -106 0
-62 -107 0
-63 -108 0
-64 -109 0
-65 -110 0
-66 -111 0
-67 -112 0
-68 -113 0
-69 -114 0
-70 -115 0
-71 -116 0
-72 -117 0
-73 -118 0
-74 -119 0
-75 -120 0
-61 -256 0
-62 -257 0
-63 -258 0
-64 -259 0
-65 -260 0
-66 -261 0
-67 -262 0
-68 -263 0
-69 -264 0
-70 -265 0
-71 -266 0
-72 -267 0
-73 -268 0
-74 -269 0
-75 -270 0
-61 -241 0
-62 -242 0
-63 -243 0
-64 -244 0
-65 -245 0
-66 -246 0
-67 -247 0
-68 -248 0
-69 -249 0
-70 -250 0
-71 -251 0
-72 -252 0
-73 -253 0
-74 -254 0
-75 -255 0
-61 -211 0
-62 -212 0
-63 -213 0
-64 -214 0
-65 -215 0
-66 -216 0
-67 -217 0
-68 -218 0
-69 -219 0
-70 -220 0
-71 -221 0
-72 -222 0
-73 -223 0
-74 -224 0
-75 -225 0
-61 -286 0
-62 -287 0
-63 -288 0
-64 -289 0
-65 -290 0
-66 -291 0
-67 -292 0
-68 -293 0
-69 -294 0
-70 -295 0
-71 -296 0
-72 -297 0
-73 -298 0
-74 -299 0
-75 -300 0
90 89 88 87 86 85 84 83 82 81 80 79 78 77 76 0
-76 -77 0
-76 -78 0
-76 -79 0
-76 -80 0
-76 -81 0
-76 -82 0
-76 -83 0
-76 -84 0
-76 -85 0
-76 -86 0
-76 -87 0
-76 -88 0
-76 -89 0
-76 -90 0
-77 -78 0
-77 -79 0
-77 -80 0
-77 -81 0
-77 -82 0
-77 -83 0
-77 -84 0
-77 -85 0
-77 -86 0
-77 -87 0
-77 -88 0
-77 -89 0
-77 -90 0
-78 -79 0
-78 -80 0
-78 -81 0
-78 -82 0
-78 -83 0
-78 -84 0
-78 -85 0
-78 -86 0
-78 -87 0
-78 -88 0
-78 -89 0
-78 -90 0
-79 -80 0
-79 -81 0
-79 -82 0
-79 -83 0
-79 -84 0
-79 -85 0
-79 -86 0
-79 -87 0
-79 -88 0
-79 -89 0
-79 -90 0
-80 -81 0
-80 -82 0
-80 -83 0
-80 -84 0
-80 -85 0
-80 -86 0
-80 -87 0
-80 -88 0
-80 -89 0
-80 -90 0
-81 -82 0
-81 -83 0
-81 -84 0
-81 -85 0
-81 -86 0
-81 -87 0
-81 -88 0
-81 -89 0
-81 -90 0
-82 -83 0
-82 -84 0
-82 -85 0
-82 -86 0
-82 -87 0
-82 -88 0
-82 -89 0
-82 -90 0
-83 -84 0
-83 -85 0
-83 -86 0
-83 -87 0
-83 -88 0
-83 -89 0
-83 -90 0
-84 -85 0
-84 -86 0
-84 -87 0
-84 -88 0
-84 -89 0
-84 -90 0
-85 -86 0
-85 -87 0
-85 -88 0
-85 -89 0
-85 -90 0
-86 -87 0
-86 -88 0
-86 -89 0
-86 -90 0
-87 -88 0
-87 -89 0
-87 -90 0
-88 -89 0
-88 -90 0
-89 -90 0
-76 -346 0
-77 -347 0
-78 -348 0
-79 -349 0
-80 -350 0
-81 -351 0
-82 -352 0
-83 -353 0
-84 -354 0
-85 -355 0
-86 -356 0
-87 -357 0
-88 -358 0
-89 -359 0
-90 -360 0
-76 -391 0
-77 -392 0
-78 -393 0
-79 -394 0
-80 -395 0
-81 -396 0
-82 -397 0
-83 -398 0
-84 -399 0
-85 -400 0
-86 -401 0
-87 -402 0
-88 -403 0
-89 -404 0
-90 -405 0
-76 -421 0
-77 -422 0
-78 -423 0
-79 -424 0
-80 -425 0
-81 -426 0
-82 -427 0
-83 -428 0
-84 -429 0
-85 -430 0
-86 -431 0
-87 -432 0
-88 -433 0
-89 -434 0
-90 -435 0
-76 -196 0
-77 -197 0
-78 -198 0
-79 -199 0
-80 -200 0
-81 -201 0
-82 -202 0
-83 -203 0
-84 -204 0
-85 -205 0
-86 -206 0
-87 -207 0
-88 -208 0
-89 -209 0
-90 -210 0
-76 -406 0
-77 -407 0
-78 -408 0
-79 -409 0
-80 -410 0
-81 -411 0
-82 -412 0
-83 -413 0
-84 -414 0
-85 -415 0
-86 -416 0
-87 -417 0
-88 -418 0
-89 -419 0
-90 -420 0
-76 -226 0
-77 -227 0
-78 -228 0
-79 -229 0
-80 -230 0
-81 -231 0
-82 -232 0
-83 -233 0
-84 -234 0
-85 -235 0
-86 -236 0
-87 -237 0
-88 -238 0
-89 -239 0
-90 -240 0
-76 -211 0
-77 -212 0
-78 -213 0
-79 -214 0
-80 -215 0
-81 -216 0
-82 -217 0
-83 -218 0
-84 -219 0
-85 -220 0
-86 -221 0
-87 -222 0
-88 -223 0
-89 -224 0
-90 -225 0
-76 -421 0
-77 -422 0
-78 -423 0
-79 -424 0
-80 -425 0
-81 -426 0
-82 -427 0
-83 -428 0
-84 -429 0
-85 -430 0
-86 -431 0
-87 -432 0
-88 -433 0
-89 -434 0
-90 -435 0
-76 -361 0
-77 -362 0
-78 -363 0
-79 -364 0
-80 -365 0
-81 -366 0
-82 -367 0
-83 -368 0
-84 -369 0
-85 -370 0
-86 -371 0
-87 -372 0
-88 -373 0
-89 -374 0
-90 -375 0
105 104 103 102 101 100 99 98 97 96 95 94 93 92 91 0
-91 -92 0
-91 -93 0
-91 -94 0
-91 -95 0
-91 -96 0
-91 -97 0
-91 -98 0
-91 -99 0
-91 -100 0
-91 -101 0
-91 -102 0
-91 -103 0
-91 -104 0
-91 -105 0
-92 -93 0
-92 -94 0
-92 -95 0
-92 -96 0
-92 -97 0
-92 -98 0
-92 -99 0
-92 -100 0
-92 -101 0
-92 -102 0
-92 -103 0
-92 -104 0
-92 -105 0
-93 -94 0
-93 -95 0
-93 -96 0
-93 -97 0
-93 -98 0
-93 -99 0
-93 -100 0
-93 -101 0
-93 -102 0
-93 -103 0
-93 -104 0
-93 -105 0
-94 -95 0
-94 -96 0
-94 -97 0
-94 -98 0
-94 -99 0
-94 -100 0
-94 -101 0
-94 -102 0
-94 -103 0
-94 -104 0
-94 -105 0
-95 -96 0
-95 -97 0
-95 -98 0
-95 -99 0
-95 -100 0
-95 -101 0
-95 -102 0
-95 -103 0
-95 -104 0
-95 -105 0
-96 -97 0
-96 -98 0
-96 -99 0
-96 -100 0
-96 -101 0
-96 -102 0
-96 -103 0
-96 -104 0
-96 -105 0
-97 -98 0
-97 -99 0
-97 -100 0
-97 -101 0
-97 -102 0
-97 -103 0
-97 -104 0
-97 -105 0
-98 -99 0
-98 -100 0
-98 -101 0
-98 -102 0
-98 -103 0
-98 -104 0
-98 -105 0
-99 -100 0
-99 -101 0
-99 -102 0
-99 -103 0
-99 -104 0
-99 -105 0
-100 -101 0
-100 -102 0
-100 -103 0
-100 -104 0
-100 -105 0
-101 -102 0
-101 -103 0
-101 -104 0
-101 -105 0
-102 -103 0
-102 -104 0
-102 -105 0
-103 -104 0
-103 -105 0
-104 -105 0
-91 -76 0
-92 -77 0
-93 -78 0
-94 -79 0
-95 -80 0
-96 -81 0
-97 -82 0
-98 -83 0
-99 -84 0
-100 -85 0
-101 -86 0
-102 -87 0
-103 -88 0
-104 -89 0
-105 -90 0
-91 -391 0
-92 -392 0
-93 -393 0
-94 -394 0
-95 -395 0
-96 -396 0
-97 -397 0
-98 -398 0
-99 -399 0
-100 -400 0
-101 -401 0
-102 -402 0
-103 -403 0
-104 -404 0
-105 -405 0
-91 -361 0
-92 -362 0
-93 -363 0
-94 -364 0
-95 -365 0
-96 -366 0
-97 -367 0
-98 -368 0
-99 -369 0
-100 -370 0
-101 -371 0
-102 -372 0
-103 -373 0
-104 -374 0
-105 -375 0
-91 -196 0
-92 -197 0
-93 -198 0
-94 -199 0
-95 -200 0
-96 -201 0
-97 -202 0
-98 -203 0
-99 -204 0
-100 -205 0
-101 -206 0
-102 -207 0
-103 -208 0
-104 -209 0
-105 -210 0
-91 -271 0
-92 -272 0
-93 -273 0
-94 -274 0
-95 -275 0
-96 -276 0
-97 -277 0
-98 -278 0
-99 -279 0
-100 -280 0
-101 -281 0
-102 -282 0
-103 -283 0
-104 -284 0
-105 -285 0
-91 -346 0
-92 -347 0
-93 -348 0
-94 -349 0
-95 -350 0
-96 -351 0
-97 -352 0
-98 -353 0
-99 -354 0
-100 -355 0
-101 -356 0
-102 -357 0
-103 -358 0
-104 -359 0
-105 -360 0
-91 -136 0
-92 -137 0
-93 -138 0
-94 -139 0
-95 -140 0
-96 -141 0
-97 -142 0
-98 -143 0
-99 -144 0
-100 -145 0
-101 -146 0
-102 -147 0
-103 -148 0
-104 -149 0
-105 -150 0
-91 -151 0
-92 -152 0
-93 -153 0
-94 -154 0
-95 -155 0
-96 -156 0
-97 -157 0
-98 -158 0
-99 -159 0
-100 -160 0
-101 -161 0
-102 -162 0
-103 -163 0
-104 -164 0
-105 -165 0
-91 -31 0
-92 -32 0
-93 -33 0
-94 -34 0
-95 -35 0
-96 -36 0
-97 -37 0
-98 -38 0
-99 -39 0
-100 -40 0
-101 -41 0
-102 -42 0
-103 -43 0
-104 -44 0
-105 -45 0
-91 -31 0
-92 -32 0
-93 -33 0
-94 -34 0
-95 -35 0
-96 -36 0
-97 -37 0
-98 -38 0
-99 -39 0
-100 -40 0
-101 -41 0
-102 -42 0
-103 -43 0
-104 -44 0
-105 -45 0
-91 -256 0
-92 -257 0
-93 -258 0
-94 -259 0
-95 -260 0
-96 -261 0
-97 -262 0
-98 -263 0
-99 -264 0
-100 -265 0
-101 -266 0
-102 -267 0
-103 -268 0
-104 -269 0
-105 -270 0
120 119 118 117 116 115 114 113 112 111 110 109 108 107 106 0
-106 -107 0
-106 -108 0
-106 -109 0
-106 -110 0
-106 -111 0
-106 -112 0
-106 -113 0
-106 -114 0
-106 -115 0
-106 -116 0
-106 -117 0
-106 -118 0
-106 -119 0
-106 -120 0
-107 -108 0
-107 -109 0
-107 -110 0
-107 -111 0
-107 -112 0
-107 -113 0
-107 -114 0
-107 -115 0
-107 -116 0
-107 -117 0
-107 -118 0
-107 -119 0
-107 -120 0
-108 -109 0
-108 -110 0
-108 -111 0
-108 -112 0
-108 -113 0
-108 -114 0
-108 -115 0
-108 -116 0
-108 -117 0
-108 -118 0
-108 -119 0
-108 -120 0
-109 -110 0
-109 -111 0
-109 -112 0
-109 -113 0
-109 -114 0
-109 -115 0
-109 -116 0
-109 -117 0
-109 -118 0
-109 -119 0
-109 -120 0
-110 -111 0
-110 -112 0
-110 -113 0
-110 -114 0
-110 -115 0
-110 -116 0
-110 -117 0
-110 -118 0
-110 -119 0
-110 -120 0
-111 -112 0
-111 -113 0
-111 -114 0
-111 -115 0
-111 -116 0
-111 -117 0
-111 -118 0
-111 -119 0
-111 -120 0
-112 -113 0
-112 -114 0
-112 -115 0
-112 -116 0
-112 -117 0
-112 -118 0
-112 -119 0
-112 -120 0
-113 -114 0
-113 -115 0
-113 -116 0
-113 -117 0
-113 -118 0
-113 -119 0
-113 -120 0
-114 -115 0
-114 -116 0
-114 -117 0
-114 -118 0
-114 -119 0
-114 -120 0
-115 -116 0
-115 -117 0
-115 -118 0
-115 -119 0
-115 -120 0
-116 -117 0
-116 -118 0
-116 -119 0
-116 -120 0
-117 -118 0
-117 -119 0
-117 -120 0
-118 -119 0
-118 -120 0
-119 -120 0
-106 -1 0
-107 -2 0
-108 -3 0
-109 -4 0
-110 -5 0
-111 -6 0
-112 -7 0
-113 -8 0
-114 -9 0
-115 -10 0
-116 -11 0
-117 -12 0
-118 -13 0
-119 -14 0
-120 -15 0
-106 -286 0
-107 -287 0
-108 -288 0
-109 -289 0
-110 -290 0
-111 -291 0
-112 -292 0
-113 -293 0
-114 -294 0
-115 -295 0
-116 -296 0
-117 -297 0
-118 -298 0
-119 -299 0
-120 -300 0
-106 -436 0
-107 -437 0
-108 -438 0
-109 -439 0
-110 -440 0
-111 -441 0
-112 -442 0
-113 -443 0
-114 -444 0
-115 -445 0
-116 -446 0
-117 -447 0
-118 -448 0
-119 -449 0
-120 -450 0
-106 -76 0
-107 -77 0
-108 -78 0
-109 -79 0
-110 -80 0
-111 -81 0
-112 -82 0
-113 -83 0
-114 -84 0
-115 -85 0
-116 -86 0
-117 -87 0
-118 -88 0
-119 -89 0
-120 -90 0
-106 -271 0
-107 -272 0
-108 -273 0
-109 -274 0
-110 -275 0
-111 -276 0
-112 -277 0
-113 -278 0
-114 -279 0
-115 -280 0
-116 -281 0
-117 -282 0
-118 -283 0
-119 -284 0
-120 -285 0
-106 -301 0
-107 -302 0
-108 -303 0
-109 -304 0
-110 -305 0
-111 -306 0
-112 -307 0
-113 -308 0
-114 -309 0
-115 -310 0
-116 -311 0
-117 -312 0
-118 -313 0
-119 -314 0
-120 -315 0
-106 -226 0
-107 -227 0
-108 -228 0
-109 -229 0
-110 -230 0
-111 -231 0
-112 -232 0
-113 -233 0
-114 -234 0
-115 -235 0
-116 -236 0
-117 -237 0
-118 -238 0
-119 -239 0
-120 -240 0
-106 -316 0
-107 -317 0
-108 -318 0
-109 -319 0
-110 -320 0
-111 -321 0
-112 -322 0
-113 -323 0
-114 -324 0
-115 -325 0
-116 -326 0
-117 -327 0
-118 -328 0
-119 -329 0
-120 -330 0
-106 -136 0
-107 -137 0
-108 -138 0
-109 -139 0
-110 -140 0
-111 -141 0
-112 -142 0
-113 -143 0
-114 -144 0
-115 -145 0
-116 -146 0
-117 -147 0
-118 -148 0
-119 -149 0
-120 -150 0
135 134 133 132 131 130 129 128 127 126 125 124 123 122 121 0
-121 -122 0
-121 -123 0
-121 -124 0
-121 -125 0
-121 -126 0
-121 -127 0
-121 -128 0
-121 -129 0
-121 -130 0
-121 -131 0
-121 -132 0
-121 -133 0
-121 -134 0
-121 -135 0
-122 -123 0
-122 -124 0
-122 -125 0
-122 -126 0
-122 -127 0
-122 -128 0
-122 -129 0
-122 -130 0
-122 -131 0
-122 -132 0
-122 -133 0
-122 -134 0
-122 -135 0
-123 -124 0
-123 -125 0
-123 -126 0
-123 -127 0
-123 -128 0
-123 -129 0
-123 -130 0
-123 -131 0
-123 -132 0
-123 -133 0
-123 -134 0
-123 -135 0
-124 -125 0
-124 -126 0
-124 -127 0
-124 -128 0
-124 -129 0
-124 -130 0
-124 -131 0
-124 -132 0
-124 -133 0
-124 -134 0
-124 -135 0
-125 -126 0
-125 -127 0
-125 -128 0
-125 -129 0
-125 -130 0
-125 -131 0
-125 -132 0
-125 -133 0
-125 -134 0
-125 -135 0
-126 -127 0
-126 -128 0
-126 -129 0
-126 -130 0
-126 -131 0
-126 -132 0
-126 -133 0
-126 -134 0
-126 -135 0
-127 -128 0
-127 -129 0
-127 -130 0
-127 -131 0
-127 -132 0
-127 -133 0
-127 -134 0
-127 -135 0
-128 -129 0
-128 -130 0
-128 -131 0
-128 -132 0
-128 -133 0
-128 -134 0
-128 -135 0
-129 -130 0
-129 -131 0
-129 -132 0
-129 -133 0
-129 -134 0
-129 -135 0
-130 -131 0
-130 -132 0
-130 -133 0
-130 -134 0
-130 -135 0
-131 -132 0
-131 -133 0
-131 -134 0
-131 -135 0
-132 -133 0
-132 -134 0
-132 -135 0
-133 -134 0
-133 -135 0
-134 -135 0
-121 -346 0
-122 -347 0
-123 -348 0
-124 -349 0
-125 -350 0
-126 -351 0
-127 -352 0
-128 -353 0
-129 -354 0
-130 -355 0
-131 -356 0
-132 -357 0
-133 -358 0
-134 -359 0
-135 -360 0
-121 -151 0
-122 -152 0
-123 -153 0
-124 -154 0
-125 -155 0
-126 -156 0
-127 -157 0
-128 -158 0
-129 -159 0
-130 -160 0
-131 -161 0
-132 -162 0
-133 -163 0
-134 -164 0
-135 -165 0
-121 -271 0
-122 -272 0
-123 -273 0
-124 -274 0
-125 -275 0
-126 -276 0
-127 -277 0
-128 -278 0
-129 -279 0
-130 -280 0
-131 -281 0
-132 -282 0
-133 -283 0
-134 -284 0
-135 -285 0
-121 -76 0
-122 -77 0
-123 -78 0
-124 -79 0
-125 -80 0
-126 -81 0
-127 -82 0
-128 -83 0
-129 -84 0
-130 -85 0
-131 -86 0
-132 -87 0
-133 -88 0
-134 -89 0
-135 -90 0
-121 -106 0
-122 -107 0
-123 -108 0
-124 -109 0
-125 -110 0
-126 -111 0
-127 -112 0
-128 -113 0
-129 -114 0
-130 -115 0
-131 -116 0
-132 -117 0
-133 -118 0
-134 -119 0
-135 -120 0
-121 -406 0
-122 -407 0
-123 -408 0
-124 -409 0
-125 -410 0
-126 -411 0
-127 -412 0
-128 -413 0
-129 -414 0
-130 -415 0
-131 -416 0
-132 -417 0
-133 -418 0
-134 -419 0
-135 -420 0
-121 -151 0
-122 -152 0
-123 -153 0
-124 -154 0
-125 -155 0
-126 -156 0
-127 -157 0
-128 -158 0
-129 -159 0
-130 -160 0
-131 -161 0
-132 -162 0
-133 -163 0
-134 -164 0
-135 -165 0
-121 -61 0
-122 -62 0
-123 -63 0
-124 -64 0
-125 -65 0
-126 -66 0
-127 -67 0
-128 -68 0
-129 -69 0
-130 -70 0
-131 -71 0
-132 -72 0
-133 -73 0
-134 -74 0
-135 -75 0
-121 -196 0
-122 -197 0
-123 -198 0
-124 -199 0
-125 -200 0
-126 -201 0
-127 -202 0
-128 -203 0
-129 -204 0
-130 -205 0
-131 -206 0
-132 -207 0
-133 -208 0
-134 -209 0
-135 -210 0
-121 -406 0
-122 -407 0
-123 -408 0
-124 -409 0
-125 -410 0
-126 -411 0
-127 -412 0
-128 -413 0
-129 -414 0
-130 -415 0
-131 -416 0
-132 -417 0
-133 -418 0
-134 -419 0
-135 -420 0
-121 -106 0
-122 -107 0
-123 -108 0
-124 -109 0
-125 -110 0
-126 -111 0
-127 -112 0
-128 -113 0
-129 -114 0
-130 -115 0
-131 -116 0
-132 -117 0
-133 -118 0
-134 -119 0
-135 -120 0
150 149 148 147 146 145 144 143 142 141 140 139 138 137 136 0
-136 -137 0
-136 -138 0
-136 -139 0
-136 -140 0
-136 -141 0
-136 -142 0
-136 -143 0
-136 -144 0
-136 -145 0
-136 -146 0
-136 -147 0
-136 -148 0
-136 -149 0
-136 -150 0
-137 -138 0
-137 -139 0
-137 -140 0
-137 -141 0
-137 -142 0
-137 -143 0
-137 -144 0
-137 -145 0
-137 -146 0
-137 -147 0
-137 -148 0
-137 -149 0
-137 -150 0
-138 -139 0
-138 -140 0
-138 -141 0
-138 -142 0
-138 -143 0
-138 -144 0
-138 -145 0
-138 -146 0
-138 -147 0
-138 -148 0
-138 -149 0
-138 -150 0
-139 -140 0
-139 -141 0
-139 -142 0
-139 -143 0
-139 -144 0
-139 -145 0
-139 -146 0
-139 -147 0
-139 -148 0
-139 -149 0
-139 -150 0
-140 -141 0
-140 -142 0
-140 -143 0
-140 -144 0
-140 -145 0
-140 -146 0
-140 -147 0
-140 -148 0
-140 -149 0
-140 -150 0
-141 -142 0
-141 -143 0
-141 -144 0
-141 -145 0
-141 -146 0
-141 -147 0
-141 -148 0
-141 -149 0
-141 -150 0
-142 -143 0
-142 -144 0
-142 -145 0
-142 -146 0
-142 -147 0
-142 -148 0
-142 -149 0
-142 -150 0
-143 -144 0
-143 -145 0
-143 -146 0
-143 -147 0
-143 -148 0
-143 -149 0
-143 -150 0
-144 -145 0
-144 -146 0
-144 -147 0
-144 -148 0
-144 -149 0
-144 -150 0
-145 -146 0
-145 -147 0
-145 -148 0
-145 -149 0
-145 -150 0
-146 -147 0
-146 -148 0
-146 -149 0
-146 -150 0
-147 -148 0
-147 -149 0
-147 -150 0
-148 -149 0
-148 -150 0
-149 -150 0
-136 -406 0
-137 -407 0
-138 -408 0
-139 -409 0
-140 -410 0
-141 -411 0
-142 -412 0
-143 -413 0
-144 -414 0
-145 -415 0
-146 -416 0
-147 -417 0
-148 -418 0
-149 -419 0
-150 -420 0
-136 -301 0
-137 -302 0
-138 -303 0
-139 -304 0
-140 -305 0
-141 -306 0
-142 -307 0
-143 -308 0
-144 -309 0
-145 -310 0
-146 -311 0
-147 -312 0
-148 -313 0
-149 -314 0
-150 -315 0
-136 -76 0
-137 -77 0
-138 -78 0
-139 -79 0
-140 -80 0
-141 -81 0
-142 -82 0
-143 -83 0
-144 -84 0
-145 -85 0
-146 -86 0
-147 -87 0
-148 -88 0
-149 -89 0
-150 -90 0
-136 -151 0
-137 -152 0
-138 -153 0
-139 -154 0
-140 -155 0
-141 -156 0
-142 -157 0
-143 -158 0
-144 -159 0
-145 -160 0
-146 -161 0
-147 -162 0
-148 -163 0
-149 -164 0
-150 -165 0
-136 -301 0
-137 -302 0
-138 -303 0
-139 -304 0
-140 -305 0
-141 -306 0
-142 -307 0
-143 -308 0
-144 -309 0
-145 -310 0
-146 -311 0
-147 -312 0
-148 -313 0
-149 -314 0
-150 -315 0
-136 -301 0
-137 -302 0
-138 -303 0
-139 -304 0
-140 -305 0
-141 -306 0
-142 -307 0
-143 -308 0
-144 -309 0
-145 -310 0
-146 -311 0
-147 -312 0
-148 -313 0
-149 -314 0
-150 -315 0
165 164 163 162 161 160 159 158 157 156 155 154 153 152 151 0
-151 -152 0
-151 -153 0
-151 -154 0
-151 -155 0
-151 -156 0
-151 -157 0
-151 -158 0
-151 -159 0
-151 -160 0
-151 -161 0
-151 -162 0
-151 -163 0
-151 -164 0
-151 -165 0
-152 -153 0
-152 -154 0
-152 -155 0
-152 -156 0
-152 -157 0
-152 -158 0
-152 -159 0
-152 -160 0
-152 -161 0
-152 -162 0
-152 -163 0
-152 -164 0
-152 -165 0
-153 -154 0
-153 -155 0
-153 -156 0
-153 -157 0
-153 -158 0
-153 -159 0
-153 -160 0
-153 -161 0
-153 -162 0
-153 -163 0
-153 -164 0
-153 -165 0
-154 -155 0
-154 -156 0
-154 -157 0
-154 -158 0
-154 -159 0
-154 -160 0
-154 -161 0
-154 -162 0
-154 -163 0
-154 -164 0
-154 -165 0
-155 -156 0
-155 -157 0
-155 -158 0
-155 -159 0
-155 -160 0
-155 -161 0
-155 -162 0
-155 -163 0
-155 -164 0
-155 -165 0
-156 -157 0
-156 -158 0
-156 -159 0
-156 -160 0
-156 -161 0
-156 -162 0
-156 -163 0
-156 -164 0
-156 -165 0
-157 -158 0
-157 -159 0
-157 -160 0
-157 -161 0
-157 -162 0
-157 -163 0
-157 -164 0
-157 -165 0
-158 -159 0
-158 -160 0
-158 -161 0
-158 -162 0
-158 -163 0
-158 -164 0
-158 -165 0
-159 -160 0
-159 -161 0
-159 -162 0
-159 -163 0
-159 -164 0
-159 -165 0
-160 -161 0
-160 -162 0
-160 -163 0
-160 -164 0
-160 -165 0
-161 -162 0
-161 -163 0
-161 -164 0
-161 -165 0
-162 -163 0
-162 -164 0
-162 -165 0
-163 -164 0
-163 -165 0
-164 -165 0
-151 -31 0
-152 -32 0
-153 -33 0
-154 -34 0
-155 -35 0
-156 -36 0
-157 -37 0
-158 -38 0
-159 -39 0
-160 -40 0
-161 -41 0
-162 -42 0
-163 -43 0
-164 -44 0
-165 -45 0
-151 -211 0
-152 -212 0
-153 -213 0
-154 -214 0
-155 -215 0
-156 -216 0
-157 -217 0
-158 -218 0
-159 -219 0
-160 -220 0
-161 -221 0
-162 -222 0
-163 -223 0
-164 -224 0
-165 -225 0
-151 -61 0
-152 -62 0
-153 -63 0
-154 -64 0
-155 -65 0
-156 -66 0
-157 -67 0
-158 -68 0
-159 -69 0
-160 -70 0
-161 -71 0
-162 -72 0
-163 -73 0
-164 -74 0
-165 -75 0
-151 -31 0
-152 -32 0
-153 -33 0
-154 -34 0
-155 -35 0
-156 -36 0
-157 -37 0
-158 -38 0
-159 -39 0
-160 -40 0
-161 -41 0
-162 -42 0
-163 -43 0
-164 -44 0
-165 -45 0
-151 -406 0
-152 -407 0
-153 -408 0
-154 -409 0
-155 -410 0
-156 -411 0
-157 -412 0
-158 -413 0
-159 -414 0
-160 -415 0
-161 -416 0
-162 -417 0
-163 -418 0
-164 -419 0
-165 -420 0
-151 -226 0
-152 -227 0
-153 -228 0
-154 -229 0
-155 -230 0
-156 -231 0
-157 -232 0
-158 -233 0
-159 -234 0
-160 -235 0
-161 -236 0
-162 -237 0
-163 -238 0
-164 -239 0
-165 -240 0
180 179 178 177 176 175 174 173 172 171 170 169 168 167 166 0
-166 -167 0
-166 -168 0
-166 -169 0
-166 -170 0
-166 -171 0
-166 -172 0
-166 -173 0
-166 -174 0
-166 -175 0
-166 -176 0
-166 -177 0
-166 -178 0
-166 -179 0
-166 -180 0
-167 -168 0
-167 -169 0
-167 -170 0
-167 -171 0
-167 -172 0
-167 -173 0
-167 -174 0
-167 -175 0
-167 -176 0
-167 -177 0
-167 -178 0
-167 -179 0
-167 -180 0
-168 -169 0
-168 -170 0
-168 -171 0
-168 -172 0
-168 -173 0
-168 -174 0
-168 -175 0
-168 -176 0
-168 -177 0
-168 -178 0
-168 -179 0
-168 -180 0
-169 -170 0
-169 -171 0
-169 -172 0
-169 -173 0
-169 -174 0
-169 -175 0
-169 -176 0
-169 -177 0
-169 -178 0
-169 -179 0
-169 -180 0
-170 -171 0
-170 -172 0
-170 -173 0
-170 -174 0
-170 -175 0
-170 -176 0
-170 -177 0
-170 -178 0
-170 -179 0
-170 -180 0
-171 -172 0
-171 -173 0
-171 -174 0
-171 -175 0
-171 -176 0
-171 -177 0
-171 -178 0
-171 -179 0
-171 -180 0
-172 -173 0
-172 -174 0
-172 -175 0
-172 -176 0
-172 -177 0
-172 -178 0
-172 -179 0
-172 -180 0
-173 -174 0
-173 -175 0
-173 -176 0
-173 -177 0
-173 -178 0
-173 -179 0
-173 -180 0
-174 -175 0
-174 -176 0
-174 -177 0
-174 -178 0
-174 -179 0
-174 -180 0
-175 -176 0
-175 -177 0
-175 -178 0
-175 -179 0
-175 -180 0
-176 -177 0
-176 -178 0
-176 -179 0
-176 -180 0
-177 -178 0
-177 -179 0
-177 -180 0
-178 -179 0
-178 -180 0
-179 -180 0
-166 -76 0
-167 -77 0
-168 -78 0
-169 -79 0
-170 -80 0
-171 -81 0
-172 -82 0
-173 -83 0
-174 -84 0
-175 -85 0
-176 -86 0
-177 -87 0
-178 -88 0
-179 -89 0
-180 -90 0
-166 -76 0
-167 -77 0
-168 -78 0
-169 -79 0
-170 -80 0
-171 -81 0
-172 -82 0
-173 -83 0
-174 -84 0
-175 -85 0
-176 -86 0
-177 -87 0
-178 -88 0
-179 -89 0
-180 -90 0
-166 -106 0
-167 -107 0
-168 -108 0
-169 -109 0
-170 -110 0
-171 -111 0
-172 -112 0
-173 -113 0
-174 -114 0
-175 -115 0
-176 -116 0
-177 -117 0
-178 -118 0
-179 -119 0
-180 -120 0
-166 -61 0
-167 -62 0
-168 -63 0
-169 -64 0
-170 -65 0
-171 -66 0
-172 -67 0
-173 -68 0
-174 -69 0
-175 -70 0
-176 -71 0
-177 -72 0
-178 -73 0
-179 -74 0
-180 -75 0
-166 -16 0
-167 -17 0
-168 -18 0
-169 -19 0
-170 -20 0
-171 -21 0
-172 -22 0
-173 -23 0
-174 -24 0
-175 -25 0
-176 -26 0
-177 -27 0
-178 -28 0
-179 -29 0
-180 -30 0
-166 -286 0
-167 -287 0
-168 -288 0
-169 -289 0
-170 -290 0
-171 -291 0
-172 -292 0
-173 -293 0
-174 -294 0
-175 -295 0
-176 -296 0
-177 -297 0
-178 -298 0
-179 -299 0
-180 -300 0
-166 -211 0
-167 -212 0
-168 -213 0
-169 -214 0
-170 -215 0
-171 -216 0
-172 -217 0
-173 -218 0
-174 -219 0
-175 -220 0
-176 -221 0
-177 -222 0
-178 -223 0
-179 -224 0
-180 -225 0
-166 -211 0
-167 -212 0
-168 -213 0
-169 -214 0
-170 -215 0
-171 -216 0
-172 -217 0
-173 -218 0
-174 -219 0
-175 -220 0
-176 -221 0
-177 -222 0
-178 -223 0
-179 -224 0
-180 -225 0
-166 -241 0
-167 -242 0
-168 -243 0
-169 -244 0
-170 -245 0
-171 -246 0
-172 -247 0
-173 -248 0
-174 -249 0
-175 -250 0
-176 -251 0
-177 -252 0
-178 -253 0
-179 -254 0
-180 -255 0
195 194 193 192 191 190 189 188 187 186 185 184 183 182 181 0
-181 -182 0
-181 -183 0
-181 -184 0
-181 -185 0
-181 -186 0
-181 -187 0
-181 -188 0
-181 -189 0
-181 -190 0
-181 -191 0
-181 -192 0
-181 -193 0
-181 -194 0
-181 -195 0
-182 -183 0
-182 -184 0
-182 -185 0
-182 -186 0
-182 -187 0
-182 -188 0
-182 -189 0
-182 -190 0
-182 -191 0
-182 -192 0
-182 -193 0
-182 -194 0
-182 -195 0
-183 -184 0
-183 -185 0
-183 -186 0
-183 -187 0
-183 -188 0
-183 -189 0
-183 -190 0
-183 -191 0
-183 -192 0
-183 -193 0
-183 -194 0
-183 -195 0
-184 -185 0
-184 -186 0
-184 -187 0
-184 -188 0
-184 -189 0
-184 -190 0
-184 -191 0
-184 -192 0
-184 -193 0
-184 -194 0
-184 -195 0
-185 -186 0
-185 -187 0
-185 -188 0
-185 -189 0
-185 -190 0
-185 -191 0
-185 -192 0
-185 -193 0
-185 -194 0
-185 -195 0
-186 -187 0
-186 -188 0
-186 -189 0
-186 -190 0
-186 -191 0
-186 -192 0
-186 -193 0
-186 -194 0
-186 -195 0
-187 -188 0
-187 -189 0
-187 -190 0
-187 -191 0
-187 -192 0
-187 -193 0
-187 -194 0
-187 -195 0
-188 -189 0
-188 -190 0
-188 -191 0
-188 -192 0
-188 -193 0
-188 -194 0
-188 -195 0
-189 -190 0
-189 -191 0
-189 -192 0
-189 -193 0
-189 -194 0
-189 -195 0
-190 -191 0
-190 -192 0
-190 -193 0
-190 -194 0
-190 -195 0
-191 -192 0
-191 -193 0
-191 -194 0
-191 -195 0
-192 -193 0
-192 -194 0
-192 -195 0
-193 -194 0
-193 -195 0
-194 -195 0
-181 -61 0
-182 -62 0
-183 -63 0
-184 -64 0
-185 -65 0
-186 -66 0
-187 -67 0
-188 -68 0
-189 -69 0
-190 -70 0
-191 -71 0
-192 -72 0
-193 -73 0
-194 -74 0
-195 -75 0
-181 -91 0
-182 -92 0
-183 -93 0
-184 -94 0
-185 -95 0
-186 -96 0
-187 -97 0
-188 -98 0
-189 -99 0
-190 -100 0
-191 -101 0
-192 -102 0
-193 -103 0
-194 -104 0
-195 -105 0
-181 -331 0
-182 -332 0
-183 -333 0
-184 -334 0
-185 -335 0
-186 -336 0
-187 -337 0
-188 -338 0
-189 -339 0
-190 -340 0
-191 -341 0
-192 -342 0
-193 -343 0
-194 -344 0
-195 -345 0
-181 -241 0
-182 -242 0
-183 -243 0
-184 -244 0
-185 -245 0
-186 -246 0
-187 -247 0
-188 -248 0
-189 -249 0
-190 -250 0
-191 -251 0
-192 -252 0
-193 -253 0
-194 -254 0
-195 -255 0
-181 -316 0
-182 -317 0
-183 -318 0
-184 -319 0
-185 -320 0
-186 -321 0
-187 -322 0
-188 -323 0
-189 -324 0
-190 -325 0
-191 -326 0
-192 -327 0
-193 -328 0
-194 -329 0
-195 -330 0
-181 -301 0
-182 -302 0
-183 -303 0
-184 -304 0
-185 -305 0
-186 -306 0
-187 -307 0
-188 -308 0
-189 -309 0
-190 -310 0
-191 -311 0
-192 -312 0
-193 -313 0
-194 -314 0
-195 -315 0
210 209 208 207 206 205 204 203 202 201 200 199 198 197 196 0
-196 -197 0
-196 -198 0
-196 -199 0
-196 -200 0
-196 -201 0
-196 -202 0
-196 -203 0
-196 -204 0
-196 -205 0
-196 -206 0
-196 -207 0
-196 -208 0
-196 -209 0
-196 -210 0
-197 -198 0
-197 -199 0
-197 -200 0
-197 -201 0
-197 -202 0
-197 -203 0
-197 -204 0
-197 -205 0
-197 -206 0
-197 -207 0
-197 -208 0
-197 -209 0
-197 -210 0
-198 -199 0
-198 -200 0
-198 -201 0
-198 -202 0
-198 -203 0
-198 -204 0
-198 -205 0
-198 -206 0
-198 -207 0
-198 -208 0
-198 -209 0
-198 -210 0
-199 -200 0
-199 -201 0
-199 -202 0
-199 -203 0
-199 -204 0
-199 -205 0
-199 -206 0
-199 -207 0
-199 -208 0
-199 -209 0
-199 -210 0
-200 -201 0
-200 -202 0
-200 -203 0
-200 -204 0
-200 -205 0
-200 -206 0
-200 -207 0
-200 -208 0
-200 -209 0
-200 -210 0
-201 -202 0
-201 -203 0
-201 -204 0
-201 -205 0
-201 -206 0
-201 -207 0
-201 -208 0
-201 -209 0
-201 -210 0
-202 -203 0
-202 -204 0
-202 -205 0
-202 -206 0
-202 -207 0
-202 -208 0
-202 -209 0
-202 -210 0
-203 -204 0
-203 -205 0
-203 -206 0
-203 -207 0
-203 -208 0
-203 -209 0
-203 -210 0
-204 -205 0
-204 -206 0
-204 -207 0
-204 -208 0
-204 -209 0
-204 -210 0
-205 -206 0
-205 -207 0
-205 -208 0
-205 -209 0
-205 -210 0
-206 -207 0
-206 -208 0
-206 -209 0
-206 -210 0
-207 -208 0
-207 -209 0
-207 -210 0
-208 -209 0
-208 -210 0
-209 -210 0
-196 -256 0
-197 -257 0
-198 -258 0
-199 -259 0
-200 -260 0
-201 -261 0
-202 -262 0
-203 -263 0
-204 -264 0
-205 -265 0
-206 -266 0
-207 -267 0
-208 -268 0
-209 -269 0
-210 -270 0
-196 -211 0
-197 -212 0
-198 -213 0
-199 -214 0
-200 -215 0
-201 -216 0
-202 -217 0
-203 -218 0
-204 -219 0
-205 -220 0
-206 -221 0
-207 -222 0
-208 -223 0
-209 -224 0
-210 -225 0
225 224 223 222 221 220 219 218 217 216 215 214 213 212 211 0
-211 -212 0
-211 -213 0
-211 -214 0
-211 -215 0
-211 -216 0
-211 -217 0
-211 -218 0
-211 -219 0
-211 -220 0
-211 -221 0
-211 -222 0
-211 -223 0
-211 -224 0
-211 -225 0
-212 -213 0
-212 -214 0
-212 -215 0
-212 -216 0
-212 -217 0
-212 -218 0
-212 -219 0
-212 -220 0
-212 -221 0
-212 -222 0
-212 -223 0
-212 -224 0
-212 -225 0
-213 -214 0
-213 -215 0
-213 -216 0
-213 -217 0
-213 -218 0
-213 -219 0
-213 -220 0
-213 -221 0
-213 -222 0
-213 -223 0
-213 -224 0
-213 -225 0
-214 -215 0
-214 -216 0
-214 -217 0
-214 -218 0
-214 -219 0
-214 -220 0
-214 -221 0
-214 -222 0
-214 -223 0
-214 -224 0
-214 -225 0
-215 -216 0
-215 -217 0
-215 -218 0
-215 -219 0
-215 -220 0
-215 -221 0
-215 -222 0
-215 -223 0
-215 -224 0
-215 -225 0
-216 -217 0
-216 -218 0
-216 -219 0
-216 -220 0
-216 -221 0
-216 -222 0
-216 -223 0
-216 -224 0
-216 -225 0
-217 -218 0
-217 -219 0
-217 -220 0
-217 -221 0
-217 -222 0
-217 -223 0
-217 -224 0
-217 -225 0
-218 -219 0
-218 -220 0
-218 -221 0
-218 -222 0
-218 -223 0
-218 -224 0
-218 -225 0
-219 -220 0
-219 -221 0
-219 -222 0
-219 -223 0
-219 -224 0
-219 -225 0
-220 -221 0
-220 -222 0
-220 -223 0
-220 -224 0
-220 -225 0
-221 -222 0
-221 -223 0
-221 -224 0
-221 -225 0
-222 -223 0
-222 -224 0
-222 -225 0
-223 -224 0
-223 -225 0
-224 -225 0
-211 -301 0
-212 -302 0
-213 -303 0
-214 -304 0
-215 -305 0
-216 -306 0
-217 -307 0
-218 -308 0
-219 -309 0
-220 -310 0
-221 -311 0
-222 -312 0
-223 -313 0
-224 -314 0
-225 -315 0
-211 -166 0
-212 -167 0
-213 -168 0
-214 -169 0
-215 -170 0
-216 -171 0
-217 -172 0
-218 -173 0
-219 -174 0
-220 -175 0
-221 -176 0
-222 -177 0
-223 -178 0
-224 -179 0
-225 -180 0
-211 -196 0
-212 -197 0
-213 -198 0
-214 -199 0
-215 -200 0
-216 -201 0
-217 -202 0
-218 -203 0
-219 -204 0
-220 -205 0
-221 -206 0
-222 -207 0
-223 -208 0
-224 -209 0
-225 -210 0
-211 -1 0
-212 -2 0
-213 -3 0
-214 -4 0
-215 -5 0
-216 -6 0
-217 -7 0
-218 -8 0
-219 -9 0
-220 -10 0
-221 -11 0
-222 -12 0
-223 -13 0
-224 -14 0
-225 -15 0
-211 -241 0
-212 -242 0
-213 -243 0
-214 -244 0
-215 -245 0
-216 -246 0
-217 -247 0
-218 -248 0
-219 -249 0
-220 -250 0
-221 -251 0
-222 -252 0
-223 -253 0
-224 -254 0
-225 -255 0
-211 -61 0
-212 -62 0
-213 -63 0
-214 -64 0
-215 -65 0
-216 -66 0
-217 -67 0
-218 -68 0
-219 -69 0
-220 -70 0
-221 -71 0
-222 -72 0
-223 -73 0
-224 -74 0
-225 -75 0
-211 -61 0
-212 -62 0
-213 -63 0
-214 -64 0
-215 -65 0
-216 -66 0
-217 -67 0
-218 -68 0
-219 -69 0
-220 -70 0
-221 -71 0
-222 -72 0
-223 -73 0
-224 -74 0
-225 -75 0
-211 -91 0
-212 -92 0
-213 -93 0
-214 -94 0
-215 -95 0
-216 -96 0
-217 -97 0
-218 -98 0
-219 -99 0
-220 -100 0
-221 -101 0
-222 -102 0
-223 -103 0
-224 -104 0
-225 -105 0
-211 -16 0
-212 -17 0
-213 -18 0
-214 -19 0
-215 -20 0
-216 -21 0
-217 -22 0
-218 -23 0
-219 -24 0
-220 -25 0
-221 -26 0
-222 -27 0
-223 -28 0
-224 -29 0
-225 -30 0
-211 -271 0
-212 -272 0
-213 -273 0
-214 -274 0
-215 -275 0
-216 -276 0
-217 -277 0
-218 -278 0
-219 -279 0
-220 -280 0
-221 -281 0
-222 -282 0
-223 -283 0
-224 -284 0
-225 -285 0
-211 -76 0
-212 -77 0
-213 -78 0
-214 -79 0
-215 -80 0
-216 -81 0
-217 -82 0
-218 -83 0
-219 -84 0
-220 -85 0
-221 -86 0
-222 -87 0
-223 -88 0
-224 -89 0
-225 -90 0
-211 -331 0
-212 -332 0
-213 -333 0
-214 -334 0
-215 -335 0
-216 -336 0
-217 -337 0
-218 -338 0
-219 -339 0
-220 -340 0
-221 -341 0
-222 -342 0
-223 -343 0
-224 -344 0
-225 -345 0
240 239 238 237 236 235 234 233 232 231 230 229 228 227 226 0
-226 -227 0
-226 -228 0
-226 -229 0
-226 -230 0
-226 -231 0
-226 -232 0
-226 -233 0
-226 -234 0
-226 -235 0
-226 -236 0
-226 -237 0
-226 -238 0
-226 -239 0
-226 -240 0
-227 -228 0
-227 -229 0
-227 -230 0
-227 -231 0
-227 -232 0
-227 -233 0
-227 -234 0
-227 -235 0
-227 -236 0
-227 -237 0
-227 -238 0
-227 -239 0
-227 -240 0
-228 -229 0
-228 -230 0
-228 -231 0
-228 -232 0
-228 -233 0
-228 -234 0
-228 -235 0
-228 -236 0
-228 -237 0
-228 -238 0
-228 -239 0
-228 -240 0
-229 -230 0
-229 -231 0
-229 -232 0
-229 -233 0
-229 -234 0
-229 -235 0
-229 -236 0
-229 -237 0
-229 -238 0
-229 -239 0
-229 -240 0
-230 -231 0
-230 -232 0
-230 -233 0
-230 -234 0
-230 -235 0
-230 -236 0
-230 -237 0
-230 -238 0
-230 -239 0
-230 -240 0
-231 -232 0
-231 -233 0
-231 -234 0
-231 -235 0
-231 -236 0
-231 -237 0
-231 -238 0
-231 -239 0
-231 -240 0
-232 -233 0
-232 -234 0
-232 -235 0
-232 -236 0
-232 -237 0
-232 -238 0
-232 -239 0
-232 -240 0
-233 -234 0
-233 -235 0
-233 -236 0
-233 -237 0
-233 -238 0
-233 -239 0
-233 -240 0
-234 -235 0
-234 -236 0
-234 -237 0
-234 -238 0
-234 -239 0
-234 -240 0
-235 -236 0
-235 -237 0
-235 -238 0
-235 -239 0
-235 -240 0
-236 -237 0
-236 -238 0
-236 -239 0
-236 -240 0
-237 -238 0
-237 -239 0
-237 -240 0
-238 -239 0
-238 -240 0
-239 -240 0
-226 -241 0
-227 -242 0
-228 -243 0
-229 -244 0
-230 -245 0
-231 -246 0
-232 -247 0
-233 -248 0
-234 -249 0
-235 -250 0
-236 -251 0
-237 -252 0
-238 -253 0
-239 -254 0
-240 -255 0
-226 -181 0
-227 -182 0
-228 -183 0
-229 -184 0
-230 -185 0
-231 -186 0
-232 -187 0
-233 -188 0
-234 -189 0
-235 -190 0
-236 -191 0
-237 -192 0
-238 -193 0
-239 -194 0
-240 -195 0
-226 -121 0
-227 -122 0
-228 -123 0
-229 -124 0
-230 -125 0
-231 -126 0
-232 -127 0
-233 -128 0
-234 -129 0
-235 -130 0
-236 -131 0
-237 -132 0
-238 -133 0
-239 -134 0
-240 -135 0
-226 -121 0
-227 -122 0
-228 -123 0
-229 -124 0
-230 -125 0
-231 -126 0
-232 -127 0
-233 -128 0
-234 -129 0
-235 -130 0
-236 -131 0
-237 -132 0
-238 -133 0
-239 -134 0
-240 -135 0
-226 -196 0
-227 -197 0
-228 -198 0
-229 -199 0
-230 -200 0
-231 -201 0
-232 -202 0
-233 -203 0
-234 -204 0
-235 -205 0
-236 -206 0
-237 -207 0
-238 -208 0
-239 -209 0
-240 -210 0
-226 -301 0
-227 -302 0
-228 -303 0
-229 -304 0
-230 -305 0
-231 -306 0
-232 -307 0
-233 -308 0
-234 -309 0
-235 -310 0
-236 -311 0
-237 -312 0
-238 -313 0
-239 -314 0
-240 -315 0
-226 -271 0
-227 -272 0
-228 -273 0
-229 -274 0
-230 -275 0
-231 -276 0
-232 -277 0
-233 -278 0
-234 -279 0
-235 -280 0
-236 -281 0
-237 -282 0
-238 -283 0
-239 -284 0
-240 -285 0
255 254 253 252 251 250 249 248 247 246 245 244 243 242 241 0
-241 -242 0
-241 -243 0
-241 -244 0
-241 -245 0
-241 -246 0
-241 -247 0
-241 -248 0
-241 -249 0
-241 -250 0
-241 -251 0
-241 -252 0
-241 -253 0
-241 -254 0
-241 -255 0
-242 -243 0
-242 -244 0
-242 -245 0
-242 -246 0
-242 -247 0
-242 -248 0
-242 -249 0
-242 -250 0
-242 -251 0
-242 -252 0
-242 -253 0
-242 -254 0
-242 -255 0
-243 -244 0
-243 -245 0
-243 -246 0
-243 -247 0
-243 -248 0
-243 -249 0
-243 -250 0
-243 -251 0
-243 -252 0
-243 -253 0
-243 -254 0
-243 -255 0
-244 -245 0
-244 -246 0
-244 -247 0
-244 -248 0
-244 -249 0
-244 -250 0
-244 -251 0
-244 -252 0
-244 -253 0
-244 -254 0
-244 -255 0
-245 -246 0
-245 -247 0
-245 -248 0
-245 -249 0
-245 -250 0
-245 -251 0
-245 -252 0
-245 -253 0
-245 -254 0
-245 -255 0
-246 -247 0
-246 -248 0
-246 -249 0
-246 -250 0
-246 -251 0
-246 -252 0
-246 -253 0
-246 -254 0
-246 -255 0
-247 -248 0
-247 -249 0
-247 -250 0
-247 -251 0
-247 -252 0
-247 -253 0
-247 -254 0
-247 -255 0
-248 -249 0
-248 -250 0
-248 -251 0
-248 -252 0
-248 -253 0
-248 -254 0
-248 -255 0
-249 -250 0
-249 -251 0
-249 -252 0
-249 -253 0
-249 -254 0
-249 -255 0
-250 -251 0
-250 -252 0
-250 -253 0
-250 -254 0
-250 -255 0
-251 -252 0
-251 -253 0
-251 -254 0
-251 -255 0
-252 -253 0
-252 -254 0
-252 -255 0
-253 -254 0
-253 -255 0
-254 -255 0
-241 -436 0
-242 -437 0
-243 -438 0
-244 -439 0
-245 -440 0
-246 -441 0
-247 -442 0
-248 -443 0
-249 -444 0
-250 -445 0
-251 -446 0
-252 -447 0
-253 -448 0
-254 -449 0
-255 -450 0
-241 -226 0
-242 -227 0
-243 -228 0
-244 -229 0
-245 -230 0
-246 -231 0
-247 -232 0
-248 -233 0
-249 -234 0
-250 -235 0
-251 -236 0
-252 -237 0
-253 -238 0
-254 -239 0
-255 -240 0
-241 -46 0
-242 -47 0
-243 -48 0
-244 -49 0
-245 -50 0
-246 -51 0
-247 -52 0
-248 -53 0
-249 -54 0
-250 -55 0
-251 -56 0
-252 -57 0
-253 -58 0
-254 -59 0
-255 -60 0
-241 -301 0
-242 -302 0
-243 -303 0
-244 -304 0
-245 -305 0
-246 -306 0
-247 -307 0
-248 -308 0
-249 -309 0
-250 -310 0
-251 -311 0
-252 -312 0
-253 -313 0
-254 -314 0
-255 -315 0
-241 -211 0
-242 -212 0
-243 -213 0
-244 -214 0
-245 -215 0
-246 -216 0
-247 -217 0
-248 -218 0
-249 -219 0
-250 -220 0
-251 -221 0
-252 -222 0
-253 -223 0
-254 -224 0
-255 -225 0
-241 -61 0
-242 -62 0
-243 -63 0
-244 -64 0
-245 -65 0
-246 -66 0
-247 -67 0
-248 -68 0
-249 -69 0
-250 -70 0
-251 -71 0
-252 -72 0
-253 -73 0
-254 -74 0
-255 -75 0
270 269 268 267 266 265 264 263 262 261 260 259 258 257 256 0
-256 -257 0
-256 -258 0
-256 -259 0
-256 -260 0
-256 -261 0
-256 -262 0
-256 -263 0
-256 -264 0
-256 -265 0
-256 -266 0
-256 -267 0
-256 -268 0
-256 -269 0
-256 -270 0
-257 -258 0
-257 -259 0
-257 -260 0
-257 -261 0
-257 -262 0
-257 -263 0
-257 -264 0
-257 -265 0
-257 -266 0
-257 -267 0
-257 -268 0
-257 -269 0
-257 -270 0
-258 -259 0
-258 -260 0
-258 -261 0
-258 -262 0
-258 -263 0
-258 -264 0
-258 -265 0
-258 -266 0
-258 -267 0
-258 -268 0
-258 -269 0
-258 -270 0
-259 -260 0
-259 -261 0
-259 -262 0
-259 -263 0
-259 -264 0
-259 -265 0
-259 -266 0
-259 -267 0
-259 -268 0
-259 -269 0
-259 -270 0
-260 -261 0
-260 -262 0
-260 -263 0
-260 -264 0
-260 -265 0
-260 -266 0
-260 -267 0
-260 -268 0
-260 -269 0
-260 -270 0
-261 -262 0
-261 -263 0
-261 -264 0
-261 -265 0
-261 -266 0
-261 -267 0
-261 -268 0
-261 -269 0
-261 -270 0
-262 -263 0
-262 -264 0
-262 -265 0
-262 -266 0
-262 -267 0
-262 -268 0
-262 -269 0
-262 -270 0
-263 -264 0
-263 -265 0
-263 -266 0
-263 -267 0
-263 -268 0
-263 -269 0
-263 -270 0
-264 -265 0
-264 -266 0
-264 -267 0
-264 -268 0
-264 -269 0
-264 -270 0
-265 -266 0
-265 -267 0
-265 -268 0
-265 -269 0
-265 -270 0
-266 -267 0
-266 -268 0
-266 -269 0
-266 -270 0
-267 -268 0
-267 -269 0
-267 -270 0
-268 -269 0
-268 -270 0
-269 -270 0
-256 -376 0
-257 -377 0
-258 -378 0
-259 -379 0
-260 -380 0
-261 -381 0
-262 -382 0
-263 -383 0
-264 -384 0
-265 -385 0
-266 -386 0
-267 -387 0
-268 -388 0
-269 -389 0
-270 -390 0
-256 -181 0
-257 -182 0
-258 -183 0
-259 -184 0
-260 -185 0
-261 -186 0
-262 -187 0
-263 -188 0
-264 -189 0
-265 -190 0
-266 -191 0
-267 -192 0
-268 -193 0
-269 -194 0
-270 -195 0
-256 -286 0
-257 -287 0
-258 -288 0
-259 -289 0
-260 -290 0
-261 -291 0
-262 -292 0
-263 -293 0
-264 -294 0
-265 -295 0
-266 -296 0
-267 -297 0
-268 -298 0
-269 -299 0
-270 -300 0
-256 -181 0
-257 -182 0
-258 -183 0
-259 -184 0
-260 -185 0
-261 -186 0
-262 -187 0
-263 -188 0
-264 -189 0
-265 -190 0
-266 -191 0
-267 -192 0
-268 -193 0
-269 -194 0
-270 -195 0
-256 -226 0
-257 -227 0
-258 -228 0
-259 -229 0
-260 -230 0
-261 -231 0
-262 -232 0
-263 -233 0
-264 -234 0
-265 -235 0
-266 -236 0
-267 -237 0
-268 -238 0
-269 -239 0
-270 -240 0
-256 -61 0
-257 -62 0
-258 -63 0
-259 -64 0
-260 -65 0
-261 -66 0
-262 -67 0
-263 -68 0
-264 -69 0
-265 -70 0
-266 -71 0
-267 -72 0
-268 -73 0
-269 -74 0
-270 -75 0
-256 -46 0
-257 -47 0
-258 -48 0
-259 -49 0
-260 -50 0
-261 -51 0
-262 -52 0
-263 -53 0
-264 -54 0
-265 -55 0
-266 -56 0
-267 -57 0
-268 -58 0
-269 -59 0
-270 -60 0
-256 -286 0
-257 -287 0
-258 -288 0
-259 -289 0
-260 -290 0
-261 -291 0
-262 -292 0
-263 -293 0
-264 -294 0
-265 -295 0
-266 -296 0
-267 -297 0
-268 -298 0
-269 -299 0
-270 -300 0
285 284 283 282 281 280 279 278 277 276 275 274 273 272 271 0
-271 -272 0
-271 -273 0
-271 -274 0
-271 -275 0
-271 -276 0
-271 -277 0
-271 -278 0
-271 -279 0
-271 -280 0
-271 -281 0
-271 -282 0
-271 -283 0
-271 -284 0
-271 -285 0
-272 -273 0
-272 -274 0
-272 -275 0
-272 -276 0
-272 -277 0
-272 -278 0
-272 -279 0
-272 -280 0
-272 -281 0
-272 -282 0
-272 -283 0
-272 -284 0
-272 -285 0
-273 -274 0
-273 -275 0
-273 -276 0
-273 -277 0
-273 -278 0
-273 -279 0
-273 -280 0
-273 -281 0
-273 -282 0
-273 -283 0
-273 -284 0
-273 -285 0
-274 -275 0
-274 -276 0
-274 -277 0
-274 -278 0
-274 -279 0
-274 -280 0
-274 -281 0
-274 -282 0
-274 -283 0
-274 -284 0
-274 -285 0
-275 -276 0
-275 -277 0
-275 -278 0
-275 -279 0
-275 -280 0
-275 -281 0
-275 -282 0
-275 -283 0
-275 -284 0
-275 -285 0
-276 -277 0
-276 -278 0
-276 -279 0
-276 -280 0
-276 -281 0
-276 -282 0
-276 -283 0
-276 -284 0
-276 -285 0
-277 -278 0
-277 -279 0
-277 -280 0
-277 -281 0
-277 -282 0
-277 -283 0
-277 -284 0
-277 -285 0
-278 -279 0
-278 -280 0
-278 -281 0
-278 -282 0
-278 -283 0
-278 -284 0
-278 -285 0
-279 -280 0
-279 -281 0
-279 -282 0
-279 -283 0
-279 -284 0
-279 -285 0
-280 -281 0
-280 -282 0
-280 -283 0
-280 -284 0
-280 -285 0
-281 -282 0
-281 -283 0
-281 -284 0
-281 -285 0
-282 -283 0
-282 -284 0
-282 -285 0
-283 -284 0
-283 -285 0
-284 -285 0
-271 -61 0
-272 -62 0
-273 -63 0
-274 -64 0
-275 -65 0
-276 -66 0
-277 -67 0
-278 -68 0
-279 -69 0
-280 -70 0
-281 -71 0
-282 -72 0
-283 -73 0
-284 -74 0
-285 -75 0
-271 -391 0
-272 -392 0
-273 -393 0
-274 -394 0
-275 -395 0
-276 -396 0
-277 -397 0
-278 -398 0
-279 -399 0
-280 -400 0
-281 -401 0
-282 -402 0
-283 -403 0
-284 -404 0
-285 -405 0
-271 -91 0
-272 -92 0
-273 -93 0
-274 -94 0
-275 -95 0
-276 -96 0
-277 -97 0
-278 -98 0
-279 -99 0
-280 -100 0
-281 -101 0
-282 -102 0
-283 -103 0
-284 -104 0
-285 -105 0
-271 -166 0
-272 -167 0
-273 -168 0
-274 -169 0
-275 -170 0
-276 -171 0
-277 -172 0
-278 -173 0
-279 -174 0
-280 -175 0
-281 -176 0
-282 -177 0
-283 -178 0
-284 -179 0
-285 -180 0
-271 -241 0
-272 -242 0
-273 -243 0
-274 -244 0
-275 -245 0
-276 -246 0
-277 -247 0
-278 -248 0
-279 -249 0
-280 -250 0
-281 -251 0
-282 -252 0
-283 -253 0
-284 -254 0
-285 -255 0
-271 -301 0
-272 -302 0
-273 -303 0
-274 -304 0
-275 -305 0
-276 -306 0
-277 -307 0
-278 -308 0
-279 -309 0
-280 -310 0
-281 -311 0
-282 -312 0
-283 -313 0
-284 -314 0
-285 -315 0
-271 -286 0
-272 -287 0
-273 -288 0
-274 -289 0
-275 -290 0
-276 -291 0
-277 -292 0
-278 -293 0
-279 -294 0
-280 -295 0
-281 -296 0
-282 -297 0
-283 -298 0
-284 -299 0
-285 -300 0
-271 -31 0
-272 -32 0
-273 -33 0
-274 -34 0
-275 -35 0
-276 -36 0
-277 -37 0
-278 -38 0
-279 -39 0
-280 -40 0
-281 -41 0
-282 -42 0
-283 -43 0
-284 -44 0
-285 -45 0
300 299 298 297 296 295 294 293 292 291 290 289 288 287 286 0
-286 -287 0
-286 -288 0
-286 -289 0
-286 -290 0
-286 -291 0
-286 -292 0
-286 -293 0
-286 -294 0
-286 -295 0
-286 -296 0
-286 -297 0
-286 -298 0
-286 -299 0
-286 -300 0
-287 -288 0
-287 -289 0
-287 -290 0
-287 -291 0
-287 -292 0
-287 -293 0
-287 -294 0
-287 -295 0
-287 -296 0
-287 -297 0
-287 -298 0
-287 -299 0
-287 -300 0
-288 -289 0
-288 -290 0
-288 -291 0
-288 -292 0
-288 -293 0
-288 -294 0
-288 -295 0
-288 -296 0
-288 -297 0
-288 -298 0
-288 -299 0
-288 -300 0
-289 -290 0
-289 -291 0
-289 -292 0
-289 -293 0
-289 -294 0
-289 -295 0
-289 -296 0
-289 -297 0
-289 -298 0
-289 -299 0
-289 -300 0
-290 -291 0
-290 -292 0
-290 -293 0
-290 -294 0
-290 -295 0
-290 -296 0
-290 -297 0
-290 -298 0
-290 -299 0
-290 -300 0
-291 -292 0
-291 -293 0
-291 -294 0
-291 -295 0
-291 -296 0
-291 -297 0
-291 -298 0
-291 -299 0
-291 -300 0
-292 -293 0
-292 -294 0
-292 -295 0
-292 -296 0
-292 -297 0
-292 -298 0
-292 -299 0
-292 -300 0
-293 -294 0
-293 -295 0
-293 -296 0
-293 -297 0
-293 -298 0
-293 -299 0
-293 -300 0
-294 -295 0
-294 -296 0
-294 -297 0
-294 -298 0
-294 -299 0
-294 -300 0
-295 -296 0
-295 -297 0
-295 -298 0
-295 -299 0
-295 -300 0
-296 -297 0
-296 -298 0
-296 -299 0
-296 -300 0
-297 -298 0
-297 -299 0
-297 -300 0
-298 -299 0
-298 -300 0
-299 -300 0
-286 -196 0
-287 -197 0
-288 -198 0
-289 -199 0
-290 -200 0
-291 -201 0
-292 -202 0
-293 -203 0
-294 -204 0
-295 -205 0
-296 -206 0
-297 -207 0
-298 -208 0
-299 -209 0
-300 -210 0
-286 -301 0
-287 -302 0
-288 -303 0
-289 -304 0
-290 -305 0
-291 -306 0
-292 -307 0
-293 -308 0
-294 -309 0
-295 -310 0
-296 -311 0
-297 -312 0
-298 -313 0
-299 -314 0
-300 -315 0
-286 -46 0
-287 -47 0
-288 -48 0
-289 -49 0
-290 -50 0
-291 -51 0
-292 -52 0
-293 -53 0
-294 -54 0
-295 -55 0
-296 -56 0
-297 -57 0
-298 -58 0
-299 -59 0
-300 -60 0
-286 -151 0
-287 -152 0
-288 -153 0
-289 -154 0
-290 -155 0
-291 -156 0
-292 -157 0
-293 -158 0
-294 -159 0
-295 -160 0
-296 -161 0
-297 -162 0
-298 -163 0
-299 -164 0
-300 -165 0
-286 -151 0
-287 -152 0
-288 -153 0
-289 -154 0
-290 -155 0
-291 -156 0
-292 -157 0
-293 -158 0
-294 -159 0
-295 -160 0
-296 -161 0
-297 -162 0
-298 -163 0
-299 -164 0
-300 -165 0
-286 -181 0
-287 -182 0
-288 -183 0
-289 -184 0
-290 -185 0
-291 -186 0
-292 -187 0
-293 -188 0
-294 -189 0
-295 -190 0
-296 -191 0
-297 -192 0
-298 -193 0
-299 -194 0
-300 -195 0
-286 -76 0
-287 -77 0
-288 -78 0
-289 -79 0
-290 -80 0
-291 -81 0
-292 -82 0
-293 -83 0
-294 -84 0
-295 -85 0
-296 -86 0
-297 -87 0
-298 -88 0
-299 -89 0
-300 -90 0
315 314 313 312 311 310 309 308 307 306 305 304 303 302 301 0
-301 -302 0
-301 -303 0
-301 -304 0
-301 -305 0
-301 -306 0
-301 -307 0
-301 -308 0
-301 -309 0
-301 -310 0
-301 -311 0
-301 -312 0
-301 -313 0
-301 -314 0
-301 -315 0
-302 -303 0
-302 -304 0
-302 -305 0
-302 -306 0
-302 -307 0
-302 -308 0
-302 -309 0
-302 -310 0
-302 -311 0
-302 -312 0
-302 -313 0
-302 -314 0
-302 -315 0
-303 -304 0
-303 -305 0
-303 -306 0
-303 -307 0
-303 -308 0
-303 -309 0
-303 -310 0
-303 -311 0
-303 -312 0
-303 -313 0
-303 -314 0
-303 -315 0
-304 -305 0
-304 -306 0
-304 -307 0
-304 -308 0
-304 -309 0
-304 -310 0
-304 -311 0
-304 -312 0
-304 -313 0
-304 -314 0
-304 -315 0
-305 -306 0
-305 -307 0
-305 -308 0
-305 -309 0
-305 -310 0
-305 -311 0
-305 -312 0
-305 -313 0
-305 -314 0
-305 -315 0
-306 -307 0
-306 -308 0
-306 -309 0
-306 -310 0
-306 -311 0
-306 -312 0
-306 -313 0
-306 -314 0
-306 -315 0
-307 -308 0
-307 -309 0
-307 -310 0
-307 -311 0
-307 -312 0
-307 -313 0
-307 -314 0
-307 -315 0
-308 -309 0
-308 -310 0
-308 -311 0
-308 -312 0
-308 -313 0
-308 -314 0
-308 -315 0
-309 -310 0
-309 -311 0
-309 -312 0
-309 -313 0
-309 -314 0
-309 -315 0
-310 -311 0
-310 -312 0
-310 -313 0
-310 -314 0
-310 -315 0
-311 -312 0
-311 -313 0
-311 -314 0
-311 -315 0
-312 -313 0
-312 -314 0
-312 -315 0
-313 -314 0
-313 -315 0
-314 -315 0
-301 -421 0
-302 -422 0
-303 -423 0
-304 -424 0
-305 -425 0
-306 -426 0
-307 -427 0
-308 -428 0
-309 -429 0
-310 -430 0
-311 -431 0
-312 -432 0
-313 -433 0
-314 -434 0
-315 -435 0
-301 -91 0
-302 -92 0
-303 -93 0
-304 -94 0
-305 -95 0
-306 -96 0
-307 -97 0
-308 -98 0
-309 -99 0
-310 -100 0
-311 -101 0
-312 -102 0
-313 -103 0
-314 -104 0
-315 -105 0
-301 -376 0
-302 -377 0
-303 -378 0
-304 -379 0
-305 -380 0
-306 -381 0
-307 -382 0
-308 -383 0
-309 -384 0
-310 -385 0
-311 -386 0
-312 -387 0
-313 -388 0
-314 -389 0
-315 -390 0
-301 -286 0
-302 -287 0
-303 -288 0
-304 -289 0
-305 -290 0
-306 -291 0
-307 -292 0
-308 -293 0
-309 -294 0
-310 -295 0
-311 -296 0
-312 -297 0
-313 -298 0
-314 -299 0
-315 -300 0
-301 -286 0
-302 -287 0
-303 -288 0
-304 -289 0
-305 -290 0
-306 -291 0
-307 -292 0
-308 -293 0
-309 -294 0
-310 -295 0
-311 -296 0
-312 -297 0
-313 -298 0
-314 -299 0
-315 -300 0
-301 -181 0
-302 -182 0
-303 -183 0
-304 -184 0
-305 -185 0
-306 -186 0
-307 -187 0
-308 -188 0
-309 -189 0
-310 -190 0
-311 -191 0
-312 -192 0
-313 -193 0
-314 -194 0
-315 -195 0
-301 -316 0
-302 -317 0
-303 -318 0
-304 -319 0
-305 -320 0
-306 -321 0
-307 -322 0
-308 -323 0
-309 -324 0
-310 -325 0
-311 -326 0
-312 -327 0
-313 -328 0
-314 -329 0
-315 -330 0
-301 -31 0
-302 -32 0
-303 -33 0
-304 -34 0
-305 -35 0
-306 -36 0
-307 -37 0
-308 -38 0
-309 -39 0
-310 -40 0
-311 -41 0
-312 -42 0
-313 -43 0
-314 -44 0
-315 -45 0
-301 -1 0
-302 -2 0
-303 -3 0
-304 -4 0
-305 -5 0
-306 -6 0
-307 -7 0
-308 -8 0
-309 -9 0
-310 -10 0
-311 -11 0
-312 -12 0
-313 -13 0
-314 -14 0
-315 -15 0
-301 -421 0
-302 -422 0
-303 -423 0
-304 -424 0
-305 -425 0
-306 -426 0
-307 -427 0
-308 -428 0
-309 -429 0
-310 -430 0
-311 -431 0
-312 -432 0
-313 -433 0
-314 -434 0
-315 -435 0
-301 -271 0
-302 -272 0
-303 -273 0
-304 -274 0
-305 -275 0
-306 -276 0
-307 -277 0
-308 -278 0
-309 -279 0
-310 -280 0
-311 -281 0
-312 -282 0
-313 -283 0
-314 -284 0
-315 -285 0
330 329 328 327 326 325 324 323 322 321 320 319 318 317 316 0
-316 -317 0
-316 -318 0
-316 -319 0
-316 -320 0
-316 -321 0
-316 -322 0
-316 -323 0
-316 -324 0
-316 -325 0
-316 -326 0
-316 -327 0
-316 -328 0
-316 -329 0
-316 -330 0
-317 -318 0
-317 -319 0
-317 -320 0
-317 -321 0
-317 -322 0
-317 -323 0
-317 -324 0
-317 -325 0
-317 -326 0
-317 -327 0
-317 -328 0
-317 -329 0
-317 -330 0
-318 -319 0
-318 -320 0
-318 -321 0
-318 -322 0
-318 -323 0
-318 -324 0
-318 -325 0
-318 -326 0
-318 -327 0
-318 -328 0
-318 -329 0
-318 -330 0
-319 -320 0
-319 -321 0
-319 -322 0
-319 -323 0
-319 -324 0
-319 -325 0
-319 -326 0
-319 -327 0
-319 -328 0
-319 -329 0
-319 -330 0
-320 -321 0
-320 -322 0
-320 -323 0
-320 -324 0
-320 -325 0
-320 -326 0
-320 -327 0
-320 -328 0
-320 -329 0
-320 -330 0
-321 -322 0
-321 -323 0
-321 -324 0
-321 -325 0
-321 -326 0
-321 -327 0
-321 -328 0
-321 -329 0
-321 -330 0
-322 -323 0
-322 -324 0
-322 -325 0
-322 -326 0
-322 -327 0
-322 -328 0
-322 -329 0
-322 -330 0
-323 -324 0
-323 -325 0
-323 -326 0
-323 -327 0
-323 -328 0
-323 -329 0
-323 -330 0
-324 -325 0
-324 -326 0
-324 -327 0
-324 -328 0
-324 -329 0
-324 -330 0
-325 -326 0
-325 -327 0
-325 -328 0
-325 -329 0
-325 -330 0
-326 -327 0
-326 -328 0
-326 -329 0
-326 -330 0
-327 -328 0
-327 -329 0
-327 -330 0
-328 -329 0
-328 -330 0
-329 -330 0
-316 -301 0
-317 -302 0
-318 -303 0
-319 -304 0
-320 -305 0
-321 -306 0
-322 -307 0
-323 -308 0
-324 -309 0
-325 -310 0
-326 -311 0
-327 -312 0
-328 -313 0
-329 -314 0
-330 -315 0
-316 -76 0
-317 -77 0
-318 -78 0
-319 -79 0
-320 -80 0
-321 -81 0
-322 -82 0
-323 -83 0
-324 -84 0
-325 -85 0
-326 -86 0
-327 -87 0
-328 -88 0
-329 -89 0
-330 -90 0
-316 -256 0
-317 -257 0
-318 -258 0
-319 -259 0
-320 -260 0
-321 -261 0
-322 -262 0
-323 -263 0
-324 -264 0
-325 -265 0
-326 -266 0
-327 -267 0
-328 -268 0
-329 -269 0
-330 -270 0
-316 -226 0
-317 -227 0
-318 -228 0
-319 -229 0
-320 -230 0
-321 -231 0
-322 -232 0
-323 -233 0
-324 -234 0
-325 -235 0
-326 -236 0
-327 -237 0
-328 -238 0
-329 -239 0
-330 -240 0
-316 -286 0
-317 -287 0
-318 -288 0
-319 -289 0
-320 -290 0
-321 -291 0
-322 -292 0
-323 -293 0
-324 -294 0
-325 -295 0
-326 -296 0
-327 -297 0
-328 -298 0
-329 -299 0
-330 -300 0
345 344 343 342 341 340 339 338 337 336 335 334 333 332 331 0
-331 -332 0
-331 -333 0
-331 -334 0
-331 -335 0
-331 -336 0
-331 -337 0
-331 -338 0
-331 -339 0
-331 -340 0
-331 -341 0
-331 -342 0
-331 -343 0
-331 -344 0
-331 -345 0
-332 -333 0
-332 -334 0
-332 -335 0
-332 -336 0
-332 -337 0
-332 -338 0
-332 -339 0
-332 -340 0
-332 -341 0
-332 -342 0
-332 -343 0
-332 -344 0
-332 -345 0
-333 -334 0
-333 -335 0
-333 -336 0
-333 -337 0
-333 -338 0
-333 -339 0
-333 -340 0
-333 -341 0
-333 -342 0
-333 -343 0
-333 -344 0
-333 -345 0
-334 -335 0
-334 -336 0
-334 -337 0
-334 -338 0
-334 -339 0
-334 -340 0
-334 -341 0
-334 -342 0
-334 -343 0
-334 -344 0
-334 -345 0
-335 -336 0
-335 -337 0
-335 -338 0
-335 -339 0
-335 -340 0
-335 -341 0
-335 -342 0
-335 -343 0
-335 -344 0
-335 -345 0
-336 -337 0
-336 -338 0
-336 -339 0
-336 -340 0
-336 -341 0
-336 -342 0
-336 -343 0
-336 -344 0
-336 -345 0
-337 -338 0
-337 -339 0
-337 -340 0
-337 -341 0
-337 -342 0
-337 -343 0
-337 -344 0
-337 -345 0
-338 -339 0
-338 -340 0
-338 -341 0
-338 -342 0
-338 -343 0
-338 -344 0
-338 -345 0
-339 -340 0
-339 -341 0
-339 -342 0
-339 -343 0
-339 -344 0
-339 -345 0
-340 -341 0
-340 -342 0
-340 -343 0
-340 -344 0
-340 -345 0
-341 -342 0
-341 -343 0
-341 -344 0
-341 -345 0
-342 -343 0
-342 -344 0
-342 -345 0
-343 -344 0
-343 -345 0
-344 -345 0
-331 -271 0
-332 -272 0
-333 -273 0
-334 -274 0
-335 -275 0
-336 -276 0
-337 -277 0
-338 -278 0
-339 -279 0
-340 -280 0
-341 -281 0
-342 -282 0
-343 -283 0
-344 -284 0
-345 -285 0
-331 -91 0
-332 -92 0
-333 -93 0
-334 -94 0
-335 -95 0
-336 -96 0
-337 -97 0
-338 -98 0
-339 -99 0
-340 -100 0
-341 -101 0
-342 -102 0
-343 -103 0
-344 -104 0
-345 -105 0
-331 -346 0
-332 -347 0
-333 -348 0
-334 -349 0
-335 -350 0
-336 -351 0
-337 -352 0
-338 -353 0
-339 -354 0
-340 -355 0
-341 -356 0
-342 -357 0
-343 -358 0
-344 -359 0
-345 -360 0
-331 -31 0
-332 -32 0
-333 -33 0
-334 -34 0
-335 -35 0
-336 -36 0
-337 -37 0
-338 -38 0
-339 -39 0
-340 -40 0
-341 -41 0
-342 -42 0
-343 -43 0
-344 -44 0
-345 -45 0
-331 -76 0
-332 -77 0
-333 -78 0
-334 -79 0
-335 -80 0
-336 -81 0
-337 -82 0
-338 -83 0
-339 -84 0
-340 -85 0
-341 -86 0
-342 -87 0
-343 -88 0
-344 -89 0
-345 -90 0
-331 -31 0
-332 -32 0
-333 -33 0
-334 -34 0
-335 -35 0
-336 -36 0
-337 -37 0
-338 -38 0
-339 -39 0
-340 -40 0
-341 -41 0
-342 -42 0
-343 -43 0
-344 -44 0
-345 -45 0
360 359 358 357 356 355 354 353 352 351 350 349 348 347 346 0
-346 -347 0
-346 -348 0
-346 -349 0
-346 -350 0
-346 -351 0
-346 -352 0
-346 -353 0
-346 -354 0
-346 -355 0
-346 -356 0
-346 -357 0
-346 -358 0
-346 -359 0
-346 -360 0
-347 -348 0
-347 -349 0
-347 -350 0
-347 -351 0
-347 -352 0
-347 -353 0
-347 -354 0
-347 -355 0
-347 -356 0
-347 -357 0
-347 -358 0
-347 -359 0
-347 -360 0
-348 -349 0
-348 -350 0
-348 -351 0
-348 -352 0
-348 -353 0
-348 -354 0
-348 -355 0
-348 -356 0
-348 -357 0
-348 -358 0
-348 -359 0
-348 -360 0
-349 -350 0
-349 -351 0
-349 -352 0
-349 -353 0
-349 -354 0
-349 -355 0
-349 -356 0
-349 -357 0
-349 -358 0
-349 -359 0
-349 -360 0
-350 -351 0
-350 -352 0
-350 -353 0
-350 -354 0
-350 -355 0
-350 -356 0
-350 -357 0
-350 -358 0
-350 -359 0
-350 -360 0
-351 -352 0
-351 -353 0
-351 -354 0
-351 -355 0
-351 -356 0
-351 -357 0
-351 -358 0
-351 -359 0
-351 -360 0
-352 -353 0
-352 -354 0
-352 -355 0
-352 -356 0
-352 -357 0
-352 -358 0
-352 -359 0
-352 -360 0
-353 -354 0
-353 -355 0
-353 -356 0
-353 -357 0
-353 -358 0
-353 -359 0
-353 -360 0
-354 -355 0
-354 -356 0
-354 -357 0
-354 -358 0
-354 -359 0
-354 -360 0
-355 -356 0
-355 -357 0
-355 -358 0
-355 -359 0
-355 -360 0
-356 -357 0
-356 -358 0
-356 -359 0
-356 -360 0
-357 -358 0
-357 -359 0
-357 -360 0
-358 -359 0
-358 -360 0
-359 -360 0
-346 -181 0
-347 -182 0
-348 -183 0
-349 -184 0
-350 -185 0
-351 -186 0
-352 -187 0
-353 -188 0
-354 -189 0
-355 -190 0
-356 -191 0
-357 -192 0
-358 -193 0
-359 -194 0
-360 -195 0
-346 -271 0
-347 -272 0
-348 -273 0
-349 -274 0
-350 -275 0
-351 -276 0
-352 -277 0
-353 -278 0
-354 -279 0
-355 -280 0
-356 -281 0
-357 -282 0
-358 -283 0
-359 -284 0
-360 -285 0
-346 -46 0
-347 -47 0
-348 -48 0
-349 -49 0
-350 -50 0
-351 -51 0
-352 -52 0
-353 -53 0
-354 -54 0
-355 -55 0
-356 -56 0
-357 -57 0
-358 -58 0
-359 -59 0
-360 -60 0
-346 -271 0
-347 -272 0
-348 -273 0
-349 -274 0
-350 -275 0
-351 -276 0
-352 -277 0
-353 -278 0
-354 -279 0
-355 -280 0
-356 -281 0
-357 -282 0
-358 -283 0
-359 -284 0
-360 -285 0
-346 -106 0
-347 -107 0
-348 -108 0
-349 -109 0
-350 -110 0
-351 -111 0
-352 -112 0
-353 -113 0
-354 -114 0
-355 -115 0
-356 -116 0
-357 -117 0
-358 -118 0
-359 -119 0
-360 -120 0
-346 -196 0
-347 -197 0
-348 -198 0
-349 -199 0
-350 -200 0
-351 -201 0
-352 -202 0
-353 -203 0
-354 -204 0
-355 -205 0
-356 -206 0
-357 -207 0
-358 -208 0
-359 -209 0
-360 -210 0
375 374 373 372 371 370 369 368 367 366 365 364 363 362 361 0
-361 -362 0
-361 -363 0
-361 -364 0
-361 -365 0
-361 -366 0
-361 -367 0
-361 -368 0
-361 -369 0
-361 -370 0
-361 -371 0
-361 -372 0
-361 -373 0
-361 -374 0
-361 -375 0
-362 -363 0
-362 -364 0
-362 -365 0
-362 -366 0
-362 -367 0
-362 -368 0
-362 -369 0
-362 -370 0
-362 -371 0
-362 -372 0
-362 -373 0
-362 -374 0
-362 -375 0
-363 -364 0
-363 -365 0
-363 -366 0
-363 -367 0
-363 -368 0
-363 -369 0
-363 -370 0
-363 -371 0
-363 -372 0
-363 -373 0
-363 -374 0
-363 -375 0
-364 -365 0
-364 -366 0
-364 -367 0
-364 -368 0
-364 -369 0
-364 -370 0
-364 -371 0
-364 -372 0
-364 -373 0
-364 -374 0
-364 -375 0
-365 -366 0
-365 -367 0
-365 -368 0
-365 -369 0
-365 -370 0
-365 -371 0
-365 -372 0
-365 -373 0
-365 -374 0
-365 -375 0
-366 -367 0
-366 -368 0
-366 -369 0
-366 -370 0
-366 -371 0
-366 -372 0
-366 -373 0
-366 -374 0
-366 -375 0
-367 -368 0
-367 -369 0
-367 -370 0
-367 -371 0
-367 -372 0
-367 -373 0
-367 -374 0
-367 -375 0
-368 -369 0
-368 -370 0
-368 -371 0
-368 -372 0
-368 -373 0
-368 -374 0
-368 -375 0
-369 -370 0
-369 -371 0
-369 -372 0
-369 -373 0
-369 -374 0
-369 -375 0
-370 -371 0
-370 -372 0
-370 -373 0
-370 -374 0
-370 -375 0
-371 -372 0
-371 -373 0
-371 -374 0
-371 -375 0
-372 -373 0
-372 -374 0
-372 -375 0
-373 -374 0
-373 -375 0
-374 -375 0
-361 -301 0
-362 -302 0
-363 -303 0
-364 -304 0
-365 -305 0
-366 -306 0
-367 -307 0
-368 -308 0
-369 -309 0
-370 -310 0
-371 -311 0
-372 -312 0
-373 -313 0
-374 -314 0
-375 -315 0
-361 -196 0
-362 -197 0
-363 -198 0
-364 -199 0
-365 -200 0
-366 -201 0
-367 -202 0
-368 -203 0
-369 -204 0
-370 -205 0
-371 -206 0
-372 -207 0
-373 -208 0
-374 -209 0
-375 -210 0
-361 -151 0
-362 -152 0
-363 -153 0
-364 -154 0
-365 -155 0
-366 -156 0
-367 -157 0
-368 -158 0
-369 -159 0
-370 -160 0
-371 -161 0
-372 -162 0
-373 -163 0
-374 -164 0
-375 -165 0
-361 -166 0
-362 -167 0
-363 -168 0
-364 -169 0
-365 -170 0
-366 -171 0
-367 -172 0
-368 -173 0
-369 -174 0
-370 -175 0
-371 -176 0
-372 -177 0
-373 -178 0
-374 -179 0
-375 -180 0
-361 -16 0
-362 -17 0
-363 -18 0
-364 -19 0
-365 -20 0
-366 -21 0
-367 -22 0
-368 -23 0
-369 -24 0
-370 -25 0
-371 -26 0
-372 -27 0
-373 -28 0
-374 -29 0
-375 -30 0
-361 -286 0
-362 -287 0
-363 -288 0
-364 -289 0
-365 -290 0
-366 -291 0
-367 -292 0
-368 -293 0
-369 -294 0
-370 -295 0
-371 -296 0
-372 -297 0
-373 -298 0
-374 -299 0
-375 -300 0
-361 -376 0
-362 -377 0
-363 -378 0
-364 -379 0
-365 -380 0
-366 -381 0
-367 -382 0
-368 -383 0
-369 -384 0
-370 -385 0
-371 -386 0
-372 -387 0
-373 -388 0
-374 -389 0
-375 -390 0
390 389 388 387 386 385 384 383 382 381 380 379 378 377 376 0
-376 -377 0
-376 -378 0
-376 -379 0
-376 -380 0
-376 -381 0
-376 -382 0
-376 -383 0
-376 -384 0
-376 -385 0
-376 -386 0
-376 -387 0
-376 -388 0
-376 -389 0
-376 -390 0
-377 -378 0
-377 -379 0
-377 -380 0
-377 -381 0
-377 -382 0
-377 -383 0
-377 -384 0
-377 -385 0
-377 -386 0
-377 -387 0
-377 -388 0
-377 -389 0
-377 -390 0
-378 -379 0
-378 -380 0
-378 -381 0
-378 -382 0
-378 -383 0
-378 -384 0
-378 -385 0
-378 -386 0
-378 -387 0
-378 -388 0
-378 -389 0
-378 -390 0
-379 -380 0
-379 -381 0
-379 -382 0
-379 -383 0
-379 -384 0
-379 -385 0
-379 -386 0
-379 -387 0
-379 -388 0
-379 -389 0
-379 -390 0
-380 -381 0
-380 -382 0
-380 -383 0
-380 -384 0
-380 -385 0
-380 -386 0
-380 -387 0
-380 -388 0
-380 -389 0
-380 -390 0
-381 -382 0
-381 -383 0
-381 -384 0
-381 -385 0
-381 -386 0
-381 -387 0
-381 -388 0
-381 -389 0
-381 -390 0
-382 -383 0
-382 -384 0
-382 -385 0
-382 -386 0
-382 -387 0
-382 -388 0
-382 -389 0
-382 -390 0
-383 -384 0
-383 -385 0
-383 -386 0
-383 -387 0
-383 -388 0
-383 -389 0
-383 -390 0
-384 -385 0
-384 -386 0
-384 -387 0
-384 -388 0
-384 -389 0
-384 -390 0
-385 -386 0
-385 -387 0
-385 -388 0
-385 -389 0
-385 -390 0
-386 -387 0
-386 -388 0
-386 -389 0
-386 -390 0
-387 -388 0
-387 -389 0
-387 -390 0
-388 -389 0
-388 -390 0
-389 -390 0
-376 -196 0
-377 -197 0
-378 -198 0
-379 -199 0
-380 -200 0
-381 -201 0
-382 -202 0
-383 -203 0
-384 -204 0
-385 -205 0
-386 -206 0
-387 -207 0
-388 -208 0
-389 -209 0
-390 -210 0
-376 -331 0
-377 -332 0
-378 -333 0
-379 -334 0
-380 -335 0
-381 -336 0
-382 -337 0
-383 -338 0
-384 -339 0
-385 -340 0
-386 -341 0
-387 -342 0
-388 -343 0
-389 -344 0
-390 -345 0
-376 -256 0
-377 -257 0
-378 -258 0
-379 -259 0
-380 -260 0
-381 -261 0
-382 -262 0
-383 -263 0
-384 -264 0
-385 -265 0
-386 -266 0
-387 -267 0
-388 -268 0
-389 -269 0
-390 -270 0
-376 -136 0
-377 -137 0
-378 -138 0
-379 -139 0
-380 -140 0
-381 -141 0
-382 -142 0
-383 -143 0
-384 -144 0
-385 -145 0
-386 -146 0
-387 -147 0
-388 -148 0
-389 -149 0
-390 -150 0
405 404 403 402 401 400 399 398 397 396 395 394 393 392 391 0
-391 -392 0
-391 -393 0
-391 -394 0
-391 -395 0
-391 -396 0
-391 -397 0
-391 -398 0
-391 -399 0
-391 -400 0
-391 -401 0
-391 -402 0
-391 -403 0
-391 -404 0
-391 -405 0
-392 -393 0
-392 -394 0
-392 -395 0
-392 -396 0
-392 -397 0
-392 -398 0
-392 -399 0
-392 -400 0
-392 -401 0
-392 -402 0
-392 -403 0
-392 -404 0
-392 -405 0
-393 -394 0
-393 -395 0
-393 -396 0
-393 -397 0
-393 -398 0
-393 -399 0
-393 -400 0
-393 -401 0
-393 -402 0
-393 -403 0
-393 -404 0
-393 -405 0
-394 -395 0
-394 -396 0
-394 -397 0
-394 -398 0
-394 -399 0
-394 -400 0
-394 -401 0
-394 -402 0
-394 -403 0
-394 -404 0
-394 -405 0
-395 -396 0
-395 -397 0
-395 -398 0
-395 -399 0
-395 -400 0
-395 -401 0
-395 -402 0
-395 -403 0
-395 -404 0
-395 -405 0
-396 -397 0
-396 -398 0
-396 -399 0
-396 -400 0
-396 -401 0
-396 -402 0
-396 -403 0
-396 -404 0
-396 -405 0
-397 -398 0
-397 -399 0
-397 -400 0
-397 -401 0
-397 -402 0
-397 -403 0
-397 -404 0
-397 -405 0
-398 -399 0
-398 -400 0
-398 -401 0
-398 -402 0
-398 -403 0
-398 -404 0
-398 -405 0
-399 -400 0
-399 -401 0
-399 -402 0
-399 -403 0
-399 -404 0
-399 -405 0
-400 -401 0
-400 -402 0
-400 -403 0
-400 -404 0
-400 -405 0
-401 -402 0
-401 -403 0
-401 -404 0
-401 -405 0
-402 -403 0
-402 -404 0
-402 -405 0
-403 -404 0
-403 -405 0
-404 -405 0
-391 -361 0
-392 -362 0
-393 -363 0
-394 -364 0
-395 -365 0
-396 -366 0
-397 -367 0
-398 -368 0
-399 -369 0
-400 -370 0
-401 -371 0
-402 -372 0
-403 -373 0
-404 -374 0
-405 -375 0
-391 -256 0
-392 -257 0
-393 -258 0
-394 -259 0
-395 -260 0
-396 -261 0
-397 -262 0
-398 -263 0
-399 -264 0
-400 -265 0
-401 -266 0
-402 -267 0
-403 -268 0
-404 -269 0
-405 -270 0
-391 -181 0
-392 -182 0
-393 -183 0
-394 -184 0
-395 -185 0
-396 -186 0
-397 -187 0
-398 -188 0
-399 -189 0
-400 -190 0
-401 -191 0
-402 -192 0
-403 -193 0
-404 -194 0
-405 -195 0
-391 -136 0
-392 -137 0
-393 -138 0
-394 -139 0
-395 -140 0
-396 -141 0
-397 -142 0
-398 -143 0
-399 -144 0
-400 -145 0
-401 -146 0
-402 -147 0
-403 -148 0
-404 -149 0
-405 -150 0
-391 -256 0
-392 -257 0
-393 -258 0
-394 -259 0
-395 -260 0
-396 -261 0
-397 -262 0
-398 -263 0
-399 -264 0
-400 -265 0
-401 -266 0
-402 -267 0
-403 -268 0
-404 -269 0
-405 -270 0
-391 -286 0
-392 -287 0
-393 -288 0
-394 -289 0
-395 -290 0
-396 -291 0
-397 -292 0
-398 -293 0
-399 -294 0
-400 -295 0
-401 -296 0
-402 -297 0
-403 -298 0
-404 -299 0
-405 -300 0
-391 -151 0
-392 -152 0
-393 -153 0
-394 -154 0
-395 -155 0
-396 -156 0
-397 -157 0
-398 -158 0
-399 -159 0
-400 -160 0
-401 -161 0
-402 -162 0
-403 -163 0
-404 -164 0
-405 -165 0
-391 -166 0
-392 -167 0
-393 -168 0
-394 -169 0
-395 -170 0
-396 -171 0
-397 -172 0
-398 -173 0
-399 -174 0
-400 -175 0
-401 -176 0
-402 -177 0
-403 -178 0
-404 -179 0
-405 -180 0
420 419 418 417 416 415 414 413 412 411 410 409 408 407 406 0
-406 -407 0
-406 -408 0
-406 -409 0
-406 -410 0
-406 -411 0
-406 -412 0
-406 -413 0
-406 -414 0
-406 -415 0
-406 -416 0
-406 -417 0
-406 -418 0
-406 -419 0
-406 -420 0
-407 -408 0
-407 -409 0
-407 -410 0
-407 -411 0
-407 -412 0
-407 -413 0
-407 -414 0
-407 -415 0
-407 -416 0
-407 -417 0
-407 -418 0
-407 -419 0
-407 -420 0
-408 -409 0
-408 -410 0
-408 -411 0
-408 -412 0
-408 -413 0
-408 -414 0
-408 -415 0
-408 -416 0
-408 -417 0
-408 -418 0
-408 -419 0
-408 -420 0
-409 -410 0
-409 -411 0
-409 -412 0
-409 -413 0
-409 -414 0
-409 -415 0
-409 -416 0
-409 -417 0
-409 -418 0
-409 -419 0
-409 -420 0
-410 -411 0
-410 -412 0
-410 -413 0
-410 -414 0
-410 -415 0
-410 -416 0
-410 -417 0
-410 -418 0
-410 -419 0
-410 -420 0
-411 -412 0
-411 -413 0
-411 -414 0
-411 -415 0
-411 -416 0
-411 -417 0
-411 -418 0
-411 -419 0
-411 -420 0
-412 -413 0
-412 -414 0
-412 -415 0
-412 -416 0
-412 -417 0
-412 -418 0
-412 -419 0
-412 -420 0
-413 -414 0
-413 -415 0
-413 -416 0
-413 -417 0
-413 -418 0
-413 -419 0
-413 -420 0
-414 -415 0
-414 -416 0
-414 -417 0
-414 -418 0
-414 -419 0
-414 -420 0
-415 -416 0
-415 -417 0
-415 -418 0
-415 -419 0
-415 -420 0
-416 -417 0
-416 -418 0
-416 -419 0
-416 -420 0
-417 -418 0
-417 -419 0
-417 -420 0
-418 -419 0
-418 -420 0
-419 -420 0
-406 -226 0
-407 -227 0
-408 -228 0
-409 -229 0
-410 -230 0
-411 -231 0
-412 -232 0
-413 -233 0
-414 -234 0
-415 -235 0
-416 -236 0
-417 -237 0
-418 -238 0
-419 -239 0
-420 -240 0
-406 -286 0
-407 -287 0
-408 -288 0
-409 -289 0
-410 -290 0
-411 -291 0
-412 -292 0
-413 -293 0
-414 -294 0
-415 -295 0
-416 -296 0
-417 -297 0
-418 -298 0
-419 -299 0
-420 -300 0
-406 -151 0
-407 -152 0
-408 -153 0
-409 -154 0
-410 -155 0
-411 -156 0
-412 -157 0
-413 -158 0
-414 -159 0
-415 -160 0
-416 -161 0
-417 -162 0
-418 -163 0
-419 -164 0
-420 -165 0
-406 -76 0
-407 -77 0
-408 -78 0
-409 -79 0
-410 -80 0
-411 -81 0
-412 -82 0
-413 -83 0
-414 -84 0
-415 -85 0
-416 -86 0
-417 -87 0
-418 -88 0
-419 -89 0
-420 -90 0
-406 -121 0
-407 -122 0
-408 -123 0
-409 -124 0
-410 -125 0
-411 -126 0
-412 -127 0
-413 -128 0
-414 -129 0
-415 -130 0
-416 -131 0
-417 -132 0
-418 -133 0
-419 -134 0
-420 -135 0
-406 -196 0
-407 -197 0
-408 -198 0
-409 -199 0
-410 -200 0
-411 -201 0
-412 -202 0
-413 -203 0
-414 -204 0
-415 -205 0
-416 -206 0
-417 -207 0
-418 -208 0
-419 -209 0
-420 -210 0
435 434 433 432 431 430 429 428 427 426 425 424 423 422 421 0
-421 -422 0
-421 -423 0
-421 -424 0
-421 -425 0
-421 -426 0
-421 -427 0
-421 -428 0
-421 -429 0
-421 -430 0
-421 -431 0
-421 -432 0
-421 -433 0
-421 -434 0
-421 -435 0
-422 -423 0
-422 -424 0
-422 -425 0
-422 -426 0
-422 -427 0
-422 -428 0
-422 -429 0
-422 -430 0
-422 -431 0
-422 -432 0
-422 -433 0
-422 -434 0
-422 -435 0
-423 -424 0
-423 -425 0
-423 -426 0
-423 -427 0
-423 -428 0
-423 -429 0
-423 -430 0
-423 -431 0
-423 -432 0
-423 -433 0
-423 -434 0
-423 -435 0
-424 -425 0
-424 -426 0
-424 -427 0
-424 -428 0
-424 -429 0
-424 -430 0
-424 -431 0
-424 -432 0
-424 -433 0
-424 -434 0
-424 -435 0
-425 -426 0
-425 -427 0
-425 -428 0
-425 -429 0
-425 -430 0
-425 -431 0
-425 -432 0
-425 -433 0
-425 -434 0
-425 -435 0
-426 -427 0
-426 -428 0
-426 -429 0
-426 -430 0
-426 -431 0
-426 -432 0
-426 -433 0
-426 -434 0
-426 -435 0
-427 -428 0
-427 -429 0
-427 -430 0
-427 -431 0
-427 -432 0
-427 -433 0
-427 -434 0
-427 -435 0
-428 -429 0
-428 -430 0
-428 -431 0
-428 -432 0
-428 -433 0
-428 -434 0
-428 -435 0
-429 -430 0
-429 -431 0
-429 -432 0
-429 -433 0
-429 -434 0
-429 -435 0
-430 -431 0
-430 -432 0
-430 -433 0
-430 -434 0
-430 -435 0
-431 -432 0
-431 -433 0
-431 -434 0
-431 -435 0
-432 -433 0
-432 -434 0
-432 -435 0
-433 -434 0
-433 -435 0
-434 -435 0
-421 -166 0
-422 -167 0
-423 -168 0
-424 -169 0
-425 -170 0
-426 -171 0
-427 -172 0
-428 -173 0
-429 -174 0
-430 -175 0
-431 -176 0
-432 -177 0
-433 -178 0
-434 -179 0
-435 -180 0
-421 -211 0
-422 -212 0
-423 -213 0
-424 -214 0
-425 -215 0
-426 -216 0
-427 -217 0
-428 -218 0
-429 -219 0
-430 -220 0
-431 -221 0
-432 -222 0
-433 -223 0
-434 -224 0
-435 -225 0
-421 -226 0
-422 -227 0
-423 -228 0
-424 -229 0
-425 -230 0
-426 -231 0
-427 -232 0
-428 -233 0
-429 -234 0
-430 -235 0
-431 -236 0
-432 -237 0
-433 -238 0
-434 -239 0
-435 -240 0
-421 -271 0
-422 -272 0
-423 -273 0
-424 -274 0
-425 -275 0
-426 -276 0
-427 -277 0
-428 -278 0
-429 -279 0
-430 -280 0
-431 -281 0
-432 -282 0
-433 -283 0
-434 -284 0
-435 -285 0
-421 -31 0
-422 -32 0
-423 -33 0
-424 -34 0
-425 -35 0
-426 -36 0
-427 -37 0
-428 -38 0
-429 -39 0
-430 -40 0
-431 -41 0
-432 -42 0
-433 -43 0
-434 -44 0
-435 -45 0
450 449 448 447 446 445 444 443 442 441 440 439 438 437 436 0
-436 -437 0
-436 -438 0
-436 -439 0
-436 -440 0
-436 -441 0
-436 -442 0
-436 -443 0
-436 -444 0
-436 -445 0
-436 -446 0
-436 -447 0
-436 -448 0
-436 -449 0
-436 -450 0
-437 -438 0
-437 -439 0
-437 -440 0
-437 -441 0
-437 -442 0
-437 -443 0
-437 -444 0
-437 -445 0
-437 -446 0
-437 -447 0
-437 -448 0
-437 -449 0
-437 -450 0
-438 -439 0
-438 -440 0
-438 -441 0
-438 -442 0
-438 -443 0
-438 -444 0
-438 -445 0
-438 -446 0
-438 -447 0
-438 -448 0
-438 -449 0
-438 -450 0
-439 -440 0
-439 -441 0
-439 -442 0
-439 -443 0
-439 -444 0
-439 -445 0
-439 -446 0
-439 -447 0
-439 -448 0
-439 -449 0
-439 -450 0
-440 -441 0
-440 -442 0
-440 -443 0
-440 -444 0
-440 -445 0
-440 -446 0
-440 -447 0
-440 -448 0
-440 -449 0
-440 -450 0
-441 -442 0
-441 -443 0
-441 -444 0
-441 -445 0
-441 -446 0
-441 -447 0
-441 -448 0
-441 -449 0
-441 -450 0
-442 -443 0
-442 -444 0
-442 -445 0
-442 -446 0
-442 -447 0
-442 -448 0
-442 -449 0
-442 -450 0
-443 -444 0
-443 -445 0
-443 -446 0
-443 -447 0
-443 -448 0
-443 -449 0
-443 -450 0
-444 -445 0
-444 -446 0
-444 -447 0
-444 -448 0
-444 -449 0
-444 -450 0
-445 -446 0
-445 -447 0
-445 -448 0
-445 -449 0
-445 -450 0
-446 -447 0
-446 -448 0
-446 -449 0
-446 -450 0
-447 -448 0
-447 -449 0
-447 -450 0
-448 -449 0
-448 -450 0
-449 -450 0
-436 -46 0
-437 -47 0
-438 -48 0
-439 -49 0
-440 -50 0
-441 -51 0
-442 -52 0
-443 -53 0
-444 -54 0
-445 -55 0
-446 -56 0
-447 -57 0
-448 -58 0
-449 -59 0
-450 -60 0
-436 -211 0
-437 -212 0
-438 -213 0
-439 -214 0
-440 -215 0
-441 -216 0
-442 -217 0
-443 -218 0
-444 -219 0
-445 -220 0
-446 -221 0
-447 -222 0
-448 -223 0
-449 -224 0
-450 -225 0
-436 -301 0
-437 -302 0
-438 -303 0
-439 -304 0
-440 -305 0
-441 -306 0
-442 -307 0
-443 -308 0
-444 -309 0
-445 -310 0
-446 -311 0
-447 -312 0
-448 -313 0
-449 -314 0
-450 -315 0
-436 -316 0
-437 -317 0
-438 -318 0
-439 -319 0
-440 -320 0
-441 -321 0
-442 -322 0
-443 -323 0
-444 -324 0
-445 -325 0
-446 -326 0
-447 -327 0
-448 -328 0
-449 -329 0
-450 -330 0
-436 -1 0
-437 -2 0
-438 -3 0
-439 -4 0
-440 -5 0
-441 -6 0
-442 -7 0
-443 -8 0
-444 -9 0
-445 -10 0
-446 -11 0
-447 -12 0
-448 -13 0
-449 -14 0
-450 -15 0
1 0
437 0
