c Graph Colouring to DIMACS
p cnf 350 7232
10 9 8 7 6 5 4 3 2 1 0
-1 -2 0
-1 -3 0
-1 -4 0
-1 -5 0
-1 -6 0
-1 -7 0
-1 -8 0
-1 -9 0
-1 -10 0
-2 -3 0
-2 -4 0
-2 -5 0
-2 -6 0
-2 -7 0
-2 -8 0
-2 -9 0
-2 -10 0
-3 -4 0
-3 -5 0
-3 -6 0
-3 -7 0
-3 -8 0
-3 -9 0
-3 -10 0
-4 -5 0
-4 -6 0
-4 -7 0
-4 -8 0
-4 -9 0
-4 -10 0
-5 -6 0
-5 -7 0
-5 -8 0
-5 -9 0
-5 -10 0
-6 -7 0
-6 -8 0
-6 -9 0
-6 -10 0
-7 -8 0
-7 -9 0
-7 -10 0
-8 -9 0
-8 -10 0
-9 -10 0
-1 -11 0
-2 -12 0
-3 -13 0
-4 -14 0
-5 -15 0
-6 -16 0
-7 -17 0
-8 -18 0
-9 -19 0
-10 -20 0
-1 -21 0
-2 -22 0
-3 -23 0
-4 -24 0
-5 -25 0
-6 -26 0
-7 -27 0
-8 -28 0
-9 -29 0
-10 -30 0
-1 -31 0
-2 -32 0
-3 -33 0
-4 -34 0
-5 -35 0
-6 -36 0
-7 -37 0
-8 -38 0
-9 -39 0
-10 -40 0
-1 -41 0
-2 -42 0
-3 -43 0
-4 -44 0
-5 -45 0
-6 -46 0
-7 -47 0
-8 -48 0
-9 -49 0
-10 -50 0
-1 -51 0
-2 -52 0
-3 -53 0
-4 -54 0
-5 -55 0
-6 -56 0
-7 -57 0
-8 -58 0
-9 -59 0
-10 -60 0
-1 -61 0
-2 -62 0
-3 -63 0
-4 -64 0
-5 -65 0
-6 -66 0
-7 -67 0
-8 -68 0
-9 -69 0
-10 -70 0
-1 -71 0
-2 -72 0
-3 -73 0
-4 -74 0
-5 -75 0
-6 -76 0
-7 -77 0
-8 -78 0
-9 -79 0
-10 -80 0
-1 -81 0
-2 -82 0
-3 -83 0
-4 -84 0
-5 -85 0
-6 -86 0
-7 -87 0
-8 -88 0
-9 -89 0
-10 -90 0
-1 -91 0
-2 -92 0
-3 -93 0
-4 -94 0
-5 -95 0
-6 -96 0
-7 -97 0
-8 -98 0
-9 -99 0
-10 -100 0
-1 -101 0
-2 -102 0
-3 -103 0
-4 -104 0
-5 -105 0
-6 -106 0
-7 -107 0
-8 -108 0
-9 -109 0
-10 -110 0
-1 -111 0
-2 -112 0
-3 -113 0
-4 -114 0
-5 -115 0
-6 -116 0
-7 -117 0
-8 -118 0
-9 -119 0
-10 -120 0
-1 -121 0
-2 -122 0
-3 -123 0
-4 -124 0
-5 -125 0
-6 -126 0
-7 -127 0
-8 -128 0
-9 -129 0
-10 -130 0
-1 -131 0
-2 -132 0
-3 -133 0
-4 -134 0
-5 -135 0
-6 -136 0
-7 -137 0
-8 -138 0
-9 -139 0
-10 -140 0
-1 -141 0
-2 -142 0
-3 -143 0
-4 -144 0
-5 -145 0
-6 -146 0
-7 -147 0
-8 -148 0
-9 -149 0
-10 -150 0
-1 -151 0
-2 -152 0
-3 -153 0
-4 -154 0
-5 -155 0
-6 -156 0
-7 -157 0
-8 -158 0
-9 -159 0
-10 -160 0
-1 -161 0
-2 -162 0
-3 -163 0
-4 -164 0
-5 -165 0
-6 -166 0
-7 -167 0
-8 -168 0
-9 -169 0
-10 -170 0
-1 -171 0
-2 -172 0
-3 -173 0
-4 -174 0
-5 -175 0
-6 -176 0
-7 -177 0
-8 -178 0
-9 -179 0
-10 -180 0
-1 -181 0
-2 -182 0
-3 -183 0
-4 -184 0
-5 -185 0
-6 -186 0
-7 -187 0
-8 -188 0
-9 -189 0
-10 -190 0
-1 -191 0
-2 -192 0
-3 -193 0
-4 -194 0
-5 -195 0
-6 -196 0
-7 -197 0
-8 -198 0
-9 -199 0
-10 -200 0
-1 -201 0
-2 -202 0
-3 -203 0
-4 -204 0
-5 -205 0
-6 -206 0
-7 -207 0
-8 -208 0
-9 -209 0
-10 -210 0
20 19 18 17 16 15 14 13 12 11 0
-11 -12 0
-11 -13 0
-11 -14 0
-11 -15 0
-11 -16 0
-11 -17 0
-11 -18 0
-11 -19 0
-11 -20 0
-12 -13 0
-12 -14 0
-12 -15 0
-12 -16 0
-12 -17 0
-12 -18 0
-12 -19 0
-12 -20 0
-13 -14 0
-13 -15 0
-13 -16 0
-13 -17 0
-13 -18 0
-13 -19 0
-13 -20 0
-14 -15 0
-14 -16 0
-14 -17 0
-14 -18 0
-14 -19 0
-14 -20 0
-15 -16 0
-15 -17 0
-15 -18 0
-15 -19 0
-15 -20 0
-16 -17 0
-16 -18 0
-16 -19 0
-16 -20 0
-17 -18 0
-17 -19 0
-17 -20 0
-18 -19 0
-18 -20 0
-19 -20 0
-11 -1 0
-12 -2 0
-13 -3 0
-14 -4 0
-15 -5 0
-16 -6 0
-17 -7 0
-18 -8 0
-19 -9 0
-20 -10 0
-11 -21 0
-12 -22 0
-13 -23 0
-14 -24 0
-15 -25 0
-16 -26 0
-17 -27 0
-18 -28 0
-19 -29 0
-20 -30 0
-11 -31 0
-12 -32 0
-13 -33 0
-14 -34 0
-15 -35 0
-16 -36 0
-17 -37 0
-18 -38 0
-19 -39 0
-20 -40 0
-11 -41 0
-12 -42 0
-13 -43 0
-14 -44 0
-15 -45 0
-16 -46 0
-17 -47 0
-18 -48 0
-19 -49 0
-20 -50 0
-11 -51 0
-12 -52 0
-13 -53 0
-14 -54 0
-15 -55 0
-16 -56 0
-17 -57 0
-18 -58 0
-19 -59 0
-20 -60 0
-11 -61 0
-12 -62 0
-13 -63 0
-14 -64 0
-15 -65 0
-16 -66 0
-17 -67 0
-18 -68 0
-19 -69 0
-20 -70 0
-11 -71 0
-12 -72 0
-13 -73 0
-14 -74 0
-15 -75 0
-16 -76 0
-17 -77 0
-18 -78 0
-19 -79 0
-20 -80 0
-11 -81 0
-12 -82 0
-13 -83 0
-14 -84 0
-15 -85 0
-16 -86 0
-17 -87 0
-18 -88 0
-19 -89 0
-20 -90 0
-11 -91 0
-12 -92 0
-13 -93 0
-14 -94 0
-15 -95 0
-16 -96 0
-17 -97 0
-18 -98 0
-19 -99 0
-20 -100 0
-11 -101 0
-12 -102 0
-13 -103 0
-14 -104 0
-15 -105 0
-16 -106 0
-17 -107 0
-18 -108 0
-19 -109 0
-20 -110 0
-11 -111 0
-12 -112 0
-13 -113 0
-14 -114 0
-15 -115 0
-16 -116 0
-17 -117 0
-18 -118 0
-19 -119 0
-20 -120 0
-11 -121 0
-12 -122 0
-13 -123 0
-14 -124 0
-15 -125 0
-16 -126 0
-17 -127 0
-18 -128 0
-19 -129 0
-20 -130 0
-11 -131 0
-12 -132 0
-13 -133 0
-14 -134 0
-15 -135 0
-16 -136 0
-17 -137 0
-18 -138 0
-19 -139 0
-20 -140 0
-11 -141 0
-12 -142 0
-13 -143 0
-14 -144 0
-15 -145 0
-16 -146 0
-17 -147 0
-18 -148 0
-19 -149 0
-20 -150 0
-11 -151 0
-12 -152 0
-13 -153 0
-14 -154 0
-15 -155 0
-16 -156 0
-17 -157 0
-18 -158 0
-19 -159 0
-20 -160 0
-11 -161 0
-12 -162 0
-13 -163 0
-14 -164 0
-15 -165 0
-16 -166 0
-17 -167 0
-18 -168 0
-19 -169 0
-20 -170 0
-11 -171 0
-12 -172 0
-13 -173 0
-14 -174 0
-15 -175 0
-16 -176 0
-17 -177 0
-18 -178 0
-19 -179 0
-20 -180 0
-11 -181 0
-12 -182 0
-13 -183 0
-14 -184 0
-15 -185 0
-16 -186 0
-17 -187 0
-18 -188 0
-19 -189 0
-20 -190 0
-11 -191 0
-12 -192 0
-13 -193 0
-14 -194 0
-15 -195 0
-16 -196 0
-17 -197 0
-18 -198 0
-19 -199 0
-20 -200 0
-11 -201 0
-12 -202 0
-13 -203 0
-14 -204 0
-15 -205 0
-16 -206 0
-17 -207 0
-18 -208 0
-19 -209 0
-20 -210 0
30 29 28 27 26 25 24 23 22 21 0
-21 -22 0
-21 -23 0
-21 -24 0
-21 -25 0
-21 -26 0
-21 -27 0
-21 -28 0
-21 -29 0
-21 -30 0
-22 -23 0
-22 -24 0
-22 -25 0
-22 -26 0
-22 -27 0
-22 -28 0
-22 -29 0
-22 -30 0
-23 -24 0
-23 -25 0
-23 -26 0
-23 -27 0
-23 -28 0
-23 -29 0
-23 -30 0
-24 -25 0
-24 -26 0
-24 -27 0
-24 -28 0
-24 -29 0
-24 -30 0
-25 -26 0
-25 -27 0
-25 -28 0
-25 -29 0
-25 -30 0
-26 -27 0
-26 -28 0
-26 -29 0
-26 -30 0
-27 -28 0
-27 -29 0
-27 -30 0
-28 -29 0
-28 -30 0
-29 -30 0
-21 -1 0
-22 -2 0
-23 -3 0
-24 -4 0
-25 -5 0
-26 -6 0
-27 -7 0
-28 -8 0
-29 -9 0
-30 -10 0
-21 -11 0
-22 -12 0
-23 -13 0
-24 -14 0
-25 -15 0
-26 -16 0
-27 -17 0
-28 -18 0
-29 -19 0
-30 -20 0
-21 -31 0
-22 -32 0
-23 -33 0
-24 -34 0
-25 -35 0
-26 -36 0
-27 -37 0
-28 -38 0
-29 -39 0
-30 -40 0
-21 -41 0
-22 -42 0
-23 -43 0
-24 -44 0
-25 -45 0
-26 -46 0
-27 -47 0
-28 -48 0
-29 -49 0
-30 -50 0
-21 -51 0
-22 -52 0
-23 -53 0
-24 -54 0
-25 -55 0
-26 -56 0
-27 -57 0
-28 -58 0
-29 -59 0
-30 -60 0
-21 -61 0
-22 -62 0
-23 -63 0
-24 -64 0
-25 -65 0
-26 -66 0
-27 -67 0
-28 -68 0
-29 -69 0
-30 -70 0
-21 -71 0
-22 -72 0
-23 -73 0
-24 -74 0
-25 -75 0
-26 -76 0
-27 -77 0
-28 -78 0
-29 -79 0
-30 -80 0
-21 -81 0
-22 -82 0
-23 -83 0
-24 -84 0
-25 -85 0
-26 -86 0
-27 -87 0
-28 -88 0
-29 -89 0
-30 -90 0
-21 -91 0
-22 -92 0
-23 -93 0
-24 -94 0
-25 -95 0
-26 -96 0
-27 -97 0
-28 -98 0
-29 -99 0
-30 -100 0
-21 -101 0
-22 -102 0
-23 -103 0
-24 -104 0
-25 -105 0
-26 -106 0
-27 -107 0
-28 -108 0
-29 -109 0
-30 -110 0
-21 -111 0
-22 -112 0
-23 -113 0
-24 -114 0
-25 -115 0
-26 -116 0
-27 -117 0
-28 -118 0
-29 -119 0
-30 -120 0
-21 -121 0
-22 -122 0
-23 -123 0
-24 -124 0
-25 -125 0
-26 -126 0
-27 -127 0
-28 -128 0
-29 -129 0
-30 -130 0
-21 -131 0
-22 -132 0
-23 -133 0
-24 -134 0
-25 -135 0
-26 -136 0
-27 -137 0
-28 -138 0
-29 -139 0
-30 -140 0
-21 -141 0
-22 -142 0
-23 -143 0
-24 -144 0
-25 -145 0
-26 -146 0
-27 -147 0
-28 -148 0
-29 -149 0
-30 -150 0
-21 -151 0
-22 -152 0
-23 -153 0
-24 -154 0
-25 -155 0
-26 -156 0
-27 -157 0
-28 -158 0
-29 -159 0
-30 -160 0
-21 -161 0
-22 -162 0
-23 -163 0
-24 -164 0
-25 -165 0
-26 -166 0
-27 -167 0
-28 -168 0
-29 -169 0
-30 -170 0
-21 -171 0
-22 -172 0
-23 -173 0
-24 -174 0
-25 -175 0
-26 -176 0
-27 -177 0
-28 -178 0
-29 -179 0
-30 -180 0
-21 -181 0
-22 -182 0
-23 -183 0
-24 -184 0
-25 -185 0
-26 -186 0
-27 -187 0
-28 -188 0
-29 -189 0
-30 -190 0
-21 -191 0
-22 -192 0
-23 -193 0
-24 -194 0
-25 -195 0
-26 -196 0
-27 -197 0
-28 -198 0
-29 -199 0
-30 -200 0
-21 -201 0
-22 -202 0
-23 -203 0
-24 -204 0
-25 -205 0
-26 -206 0
-27 -207 0
-28 -208 0
-29 -209 0
-30 -210 0
40 39 38 37 36 35 34 33 32 31 0
-31 -32 0
-31 -33 0
-31 -34 0
-31 -35 0
-31 -36 0
-31 -37 0
-31 -38 0
-31 -39 0
-31 -40 0
-32 -33 0
-32 -34 0
-32 -35 0
-32 -36 0
-32 -37 0
-32 -38 0
-32 -39 0
-32 -40 0
-33 -34 0
-33 -35 0
-33 -36 0
-33 -37 0
-33 -38 0
-33 -39 0
-33 -40 0
-34 -35 0
-34 -36 0
-34 -37 0
-34 -38 0
-34 -39 0
-34 -40 0
-35 -36 0
-35 -37 0
-35 -38 0
-35 -39 0
-35 -40 0
-36 -37 0
-36 -38 0
-36 -39 0
-36 -40 0
-37 -38 0
-37 -39 0
-37 -40 0
-38 -39 0
-38 -40 0
-39 -40 0
-31 -1 0
-32 -2 0
-33 -3 0
-34 -4 0
-35 -5 0
-36 -6 0
-37 -7 0
-38 -8 0
-39 -9 0
-40 -10 0
-31 -11 0
-32 -12 0
-33 -13 0
-34 -14 0
-35 -15 0
-36 -16 0
-37 -17 0
-38 -18 0
-39 -19 0
-40 -20 0
-31 -21 0
-32 -22 0
-33 -23 0
-34 -24 0
-35 -25 0
-36 -26 0
-37 -27 0
-38 -28 0
-39 -29 0
-40 -30 0
-31 -41 0
-32 -42 0
-33 -43 0
-34 -44 0
-35 -45 0
-36 -46 0
-37 -47 0
-38 -48 0
-39 -49 0
-40 -50 0
-31 -51 0
-32 -52 0
-33 -53 0
-34 -54 0
-35 -55 0
-36 -56 0
-37 -57 0
-38 -58 0
-39 -59 0
-40 -60 0
-31 -61 0
-32 -62 0
-33 -63 0
-34 -64 0
-35 -65 0
-36 -66 0
-37 -67 0
-38 -68 0
-39 -69 0
-40 -70 0
-31 -71 0
-32 -72 0
-33 -73 0
-34 -74 0
-35 -75 0
-36 -76 0
-37 -77 0
-38 -78 0
-39 -79 0
-40 -80 0
-31 -81 0
-32 -82 0
-33 -83 0
-34 -84 0
-35 -85 0
-36 -86 0
-37 -87 0
-38 -88 0
-39 -89 0
-40 -90 0
-31 -91 0
-32 -92 0
-33 -93 0
-34 -94 0
-35 -95 0
-36 -96 0
-37 -97 0
-38 -98 0
-39 -99 0
-40 -100 0
-31 -101 0
-32 -102 0
-33 -103 0
-34 -104 0
-35 -105 0
-36 -106 0
-37 -107 0
-38 -108 0
-39 -109 0
-40 -110 0
-31 -111 0
-32 -112 0
-33 -113 0
-34 -114 0
-35 -115 0
-36 -116 0
-37 -117 0
-38 -118 0
-39 -119 0
-40 -120 0
-31 -121 0
-32 -122 0
-33 -123 0
-34 -124 0
-35 -125 0
-36 -126 0
-37 -127 0
-38 -128 0
-39 -129 0
-40 -130 0
-31 -131 0
-32 -132 0
-33 -133 0
-34 -134 0
-35 -135 0
-36 -136 0
-37 -137 0
-38 -138 0
-39 -139 0
-40 -140 0
-31 -141 0
-32 -142 0
-33 -143 0
-34 -144 0
-35 -145 0
-36 -146 0
-37 -147 0
-38 -148 0
-39 -149 0
-40 -150 0
-31 -151 0
-32 -152 0
-33 -153 0
-34 -154 0
-35 -155 0
-36 -156 0
-37 -157 0
-38 -158 0
-39 -159 0
-40 -160 0
-31 -161 0
-32 -162 0
-33 -163 0
-34 -164 0
-35 -165 0
-36 -166 0
-37 -167 0
-38 -168 0
-39 -169 0
-40 -170 0
-31 -171 0
-32 -172 0
-33 -173 0
-34 -174 0
-35 -175 0
-36 -176 0
-37 -177 0
-38 -178 0
-39 -179 0
-40 -180 0
-31 -181 0
-32 -182 0
-33 -183 0
-34 -184 0
-35 -185 0
-36 -186 0
-37 -187 0
-38 -188 0
-39 -189 0
-40 -190 0
-31 -191 0
-32 -192 0
-33 -193 0
-34 -194 0
-35 -195 0
-36 -196 0
-37 -197 0
-38 -198 0
-39 -199 0
-40 -200 0
-31 -201 0
-32 -202 0
-33 -203 0
-34 -204 0
-35 -205 0
-36 -206 0
-37 -207 0
-38 -208 0
-39 -209 0
-40 -210 0
50 49 48 47 46 45 44 43 42 41 0
-41 -42 0
-41 -43 0
-41 -44 0
-41 -45 0
-41 -46 0
-41 -47 0
-41 -48 0
-41 -49 0
-41 -50 0
-42 -43 0
-42 -44 0
-42 -45 0
-42 -46 0
-42 -47 0
-42 -48 0
-42 -49 0
-42 -50 0
-43 -44 0
-43 -45 0
-43 -46 0
-43 -47 0
-43 -48 0
-43 -49 0
-43 -50 0
-44 -45 0
-44 -46 0
-44 -47 0
-44 -48 0
-44 -49 0
-44 -50 0
-45 -46 0
-45 -47 0
-45 -48 0
-45 -49 0
-45 -50 0
-46 -47 0
-46 -48 0
-46 -49 0
-46 -50 0
-47 -48 0
-47 -49 0
-47 -50 0
-48 -49 0
-48 -50 0
-49 -50 0
-41 -1 0
-42 -2 0
-43 -3 0
-44 -4 0
-45 -5 0
-46 -6 0
-47 -7 0
-48 -8 0
-49 -9 0
-50 -10 0
-41 -11 0
-42 -12 0
-43 -13 0
-44 -14 0
-45 -15 0
-46 -16 0
-47 -17 0
-48 -18 0
-49 -19 0
-50 -20 0
-41 -21 0
-42 -22 0
-43 -23 0
-44 -24 0
-45 -25 0
-46 -26 0
-47 -27 0
-48 -28 0
-49 -29 0
-50 -30 0
-41 -31 0
-42 -32 0
-43 -33 0
-44 -34 0
-45 -35 0
-46 -36 0
-47 -37 0
-48 -38 0
-49 -39 0
-50 -40 0
-41 -51 0
-42 -52 0
-43 -53 0
-44 -54 0
-45 -55 0
-46 -56 0
-47 -57 0
-48 -58 0
-49 -59 0
-50 -60 0
-41 -61 0
-42 -62 0
-43 -63 0
-44 -64 0
-45 -65 0
-46 -66 0
-47 -67 0
-48 -68 0
-49 -69 0
-50 -70 0
-41 -71 0
-42 -72 0
-43 -73 0
-44 -74 0
-45 -75 0
-46 -76 0
-47 -77 0
-48 -78 0
-49 -79 0
-50 -80 0
-41 -81 0
-42 -82 0
-43 -83 0
-44 -84 0
-45 -85 0
-46 -86 0
-47 -87 0
-48 -88 0
-49 -89 0
-50 -90 0
-41 -91 0
-42 -92 0
-43 -93 0
-44 -94 0
-45 -95 0
-46 -96 0
-47 -97 0
-48 -98 0
-49 -99 0
-50 -100 0
-41 -101 0
-42 -102 0
-43 -103 0
-44 -104 0
-45 -105 0
-46 -106 0
-47 -107 0
-48 -108 0
-49 -109 0
-50 -110 0
-41 -111 0
-42 -112 0
-43 -113 0
-44 -114 0
-45 -115 0
-46 -116 0
-47 -117 0
-48 -118 0
-49 -119 0
-50 -120 0
-41 -121 0
-42 -122 0
-43 -123 0
-44 -124 0
-45 -125 0
-46 -126 0
-47 -127 0
-48 -128 0
-49 -129 0
-50 -130 0
-41 -131 0
-42 -132 0
-43 -133 0
-44 -134 0
-45 -135 0
-46 -136 0
-47 -137 0
-48 -138 0
-49 -139 0
-50 -140 0
-41 -141 0
-42 -142 0
-43 -143 0
-44 -144 0
-45 -145 0
-46 -146 0
-47 -147 0
-48 -148 0
-49 -149 0
-50 -150 0
-41 -151 0
-42 -152 0
-43 -153 0
-44 -154 0
-45 -155 0
-46 -156 0
-47 -157 0
-48 -158 0
-49 -159 0
-50 -160 0
-41 -161 0
-42 -162 0
-43 -163 0
-44 -164 0
-45 -165 0
-46 -166 0
-47 -167 0
-48 -168 0
-49 -169 0
-50 -170 0
-41 -171 0
-42 -172 0
-43 -173 0
-44 -174 0
-45 -175 0
-46 -176 0
-47 -177 0
-48 -178 0
-49 -179 0
-50 -180 0
-41 -181 0
-42 -182 0
-43 -183 0
-44 -184 0
-45 -185 0
-46 -186 0
-47 -187 0
-48 -188 0
-49 -189 0
-50 -190 0
-41 -191 0
-42 -192 0
-43 -193 0
-44 -194 0
-45 -195 0
-46 -196 0
-47 -197 0
-48 -198 0
-49 -199 0
-50 -200 0
-41 -201 0
-42 -202 0
-43 -203 0
-44 -204 0
-45 -205 0
-46 -206 0
-47 -207 0
-48 -208 0
-49 -209 0
-50 -210 0
60 59 58 57 56 55 54 53 52 51 0
-51 -52 0
-51 -53 0
-51 -54 0
-51 -55 0
-51 -56 0
-51 -57 0
-51 -58 0
-51 -59 0
-51 -60 0
-52 -53 0
-52 -54 0
-52 -55 0
-52 -56 0
-52 -57 0
-52 -58 0
-52 -59 0
-52 -60 0
-53 -54 0
-53 -55 0
-53 -56 0
-53 -57 0
-53 -58 0
-53 -59 0
-53 -60 0
-54 -55 0
-54 -56 0
-54 -57 0
-54 -58 0
-54 -59 0
-54 -60 0
-55 -56 0
-55 -57 0
-55 -58 0
-55 -59 0
-55 -60 0
-56 -57 0
-56 -58 0
-56 -59 0
-56 -60 0
-57 -58 0
-57 -59 0
-57 -60 0
-58 -59 0
-58 -60 0
-59 -60 0
-51 -1 0
-52 -2 0
-53 -3 0
-54 -4 0
-55 -5 0
-56 -6 0
-57 -7 0
-58 -8 0
-59 -9 0
-60 -10 0
-51 -11 0
-52 -12 0
-53 -13 0
-54 -14 0
-55 -15 0
-56 -16 0
-57 -17 0
-58 -18 0
-59 -19 0
-60 -20 0
-51 -21 0
-52 -22 0
-53 -23 0
-54 -24 0
-55 -25 0
-56 -26 0
-57 -27 0
-58 -28 0
-59 -29 0
-60 -30 0
-51 -31 0
-52 -32 0
-53 -33 0
-54 -34 0
-55 -35 0
-56 -36 0
-57 -37 0
-58 -38 0
-59 -39 0
-60 -40 0
-51 -41 0
-52 -42 0
-53 -43 0
-54 -44 0
-55 -45 0
-56 -46 0
-57 -47 0
-58 -48 0
-59 -49 0
-60 -50 0
-51 -61 0
-52 -62 0
-53 -63 0
-54 -64 0
-55 -65 0
-56 -66 0
-57 -67 0
-58 -68 0
-59 -69 0
-60 -70 0
-51 -71 0
-52 -72 0
-53 -73 0
-54 -74 0
-55 -75 0
-56 -76 0
-57 -77 0
-58 -78 0
-59 -79 0
-60 -80 0
-51 -81 0
-52 -82 0
-53 -83 0
-54 -84 0
-55 -85 0
-56 -86 0
-57 -87 0
-58 -88 0
-59 -89 0
-60 -90 0
-51 -91 0
-52 -92 0
-53 -93 0
-54 -94 0
-55 -95 0
-56 -96 0
-57 -97 0
-58 -98 0
-59 -99 0
-60 -100 0
-51 -101 0
-52 -102 0
-53 -103 0
-54 -104 0
-55 -105 0
-56 -106 0
-57 -107 0
-58 -108 0
-59 -109 0
-60 -110 0
-51 -111 0
-52 -112 0
-53 -113 0
-54 -114 0
-55 -115 0
-56 -116 0
-57 -117 0
-58 -118 0
-59 -119 0
-60 -120 0
-51 -121 0
-52 -122 0
-53 -123 0
-54 -124 0
-55 -125 0
-56 -126 0
-57 -127 0
-58 -128 0
-59 -129 0
-60 -130 0
-51 -131 0
-52 -132 0
-53 -133 0
-54 -134 0
-55 -135 0
-56 -136 0
-57 -137 0
-58 -138 0
-59 -139 0
-60 -140 0
-51 -141 0
-52 -142 0
-53 -143 0
-54 -144 0
-55 -145 0
-56 -146 0
-57 -147 0
-58 -148 0
-59 -149 0
-60 -150 0
-51 -151 0
-52 -152 0
-53 -153 0
-54 -154 0
-55 -155 0
-56 -156 0
-57 -157 0
-58 -158 0
-59 -159 0
-60 -160 0
-51 -161 0
-52 -162 0
-53 -163 0
-54 -164 0
-55 -165 0
-56 -166 0
-57 -167 0
-58 -168 0
-59 -169 0
-60 -170 0
-51 -171 0
-52 -172 0
-53 -173 0
-54 -174 0
-55 -175 0
-56 -176 0
-57 -177 0
-58 -178 0
-59 -179 0
-60 -180 0
-51 -181 0
-52 -182 0
-53 -183 0
-54 -184 0
-55 -185 0
-56 -186 0
-57 -187 0
-58 -188 0
-59 -189 0
-60 -190 0
-51 -191 0
-52 -192 0
-53 -193 0
-54 -194 0
-55 -195 0
-56 -196 0
-57 -197 0
-58 -198 0
-59 -199 0
-60 -200 0
-51 -201 0
-52 -202 0
-53 -203 0
-54 -204 0
-55 -205 0
-56 -206 0
-57 -207 0
-58 -208 0
-59 -209 0
-60 -210 0
70 69 68 67 66 65 64 63 62 61 0
-61 -62 0
-61 -63 0
-61 -64 0
-61 -65 0
-61 -66 0
-61 -67 0
-61 -68 0
-61 -69 0
-61 -70 0
-62 -63 0
-62 -64 0
-62 -65 0
-62 -66 0
-62 -67 0
-62 -68 0
-62 -69 0
-62 -70 0
-63 -64 0
-63 -65 0
-63 -66 0
-63 -67 0
-63 -68 0
-63 -69 0
-63 -70 0
-64 -65 0
-64 -66 0
-64 -67 0
-64 -68 0
-64 -69 0
-64 -70 0
-65 -66 0
-65 -67 0
-65 -68 0
-65 -69 0
-65 -70 0
-66 -67 0
-66 -68 0
-66 -69 0
-66 -70 0
-67 -68 0
-67 -69 0
-67 -70 0
-68 -69 0
-68 -70 0
-69 -70 0
-61 -1 0
-62 -2 0
-63 -3 0
-64 -4 0
-65 -5 0
-66 -6 0
-67 -7 0
-68 -8 0
-69 -9 0
-70 -10 0
-61 -11 0
-62 -12 0
-63 -13 0
-64 -14 0
-65 -15 0
-66 -16 0
-67 -17 0
-68 -18 0
-69 -19 0
-70 -20 0
-61 -21 0
-62 -22 0
-63 -23 0
-64 -24 0
-65 -25 0
-66 -26 0
-67 -27 0
-68 -28 0
-69 -29 0
-70 -30 0
-61 -31 0
-62 -32 0
-63 -33 0
-64 -34 0
-65 -35 0
-66 -36 0
-67 -37 0
-68 -38 0
-69 -39 0
-70 -40 0
-61 -41 0
-62 -42 0
-63 -43 0
-64 -44 0
-65 -45 0
-66 -46 0
-67 -47 0
-68 -48 0
-69 -49 0
-70 -50 0
-61 -51 0
-62 -52 0
-63 -53 0
-64 -54 0
-65 -55 0
-66 -56 0
-67 -57 0
-68 -58 0
-69 -59 0
-70 -60 0
-61 -71 0
-62 -72 0
-63 -73 0
-64 -74 0
-65 -75 0
-66 -76 0
-67 -77 0
-68 -78 0
-69 -79 0
-70 -80 0
-61 -81 0
-62 -82 0
-63 -83 0
-64 -84 0
-65 -85 0
-66 -86 0
-67 -87 0
-68 -88 0
-69 -89 0
-70 -90 0
-61 -91 0
-62 -92 0
-63 -93 0
-64 -94 0
-65 -95 0
-66 -96 0
-67 -97 0
-68 -98 0
-69 -99 0
-70 -100 0
-61 -101 0
-62 -102 0
-63 -103 0
-64 -104 0
-65 -105 0
-66 -106 0
-67 -107 0
-68 -108 0
-69 -109 0
-70 -110 0
-61 -111 0
-62 -112 0
-63 -113 0
-64 -114 0
-65 -115 0
-66 -116 0
-67 -117 0
-68 -118 0
-69 -119 0
-70 -120 0
-61 -121 0
-62 -122 0
-63 -123 0
-64 -124 0
-65 -125 0
-66 -126 0
-67 -127 0
-68 -128 0
-69 -129 0
-70 -130 0
-61 -131 0
-62 -132 0
-63 -133 0
-64 -134 0
-65 -135 0
-66 -136 0
-67 -137 0
-68 -138 0
-69 -139 0
-70 -140 0
-61 -141 0
-62 -142 0
-63 -143 0
-64 -144 0
-65 -145 0
-66 -146 0
-67 -147 0
-68 -148 0
-69 -149 0
-70 -150 0
-61 -151 0
-62 -152 0
-63 -153 0
-64 -154 0
-65 -155 0
-66 -156 0
-67 -157 0
-68 -158 0
-69 -159 0
-70 -160 0
-61 -161 0
-62 -162 0
-63 -163 0
-64 -164 0
-65 -165 0
-66 -166 0
-67 -167 0
-68 -168 0
-69 -169 0
-70 -170 0
-61 -171 0
-62 -172 0
-63 -173 0
-64 -174 0
-65 -175 0
-66 -176 0
-67 -177 0
-68 -178 0
-69 -179 0
-70 -180 0
-61 -181 0
-62 -182 0
-63 -183 0
-64 -184 0
-65 -185 0
-66 -186 0
-67 -187 0
-68 -188 0
-69 -189 0
-70 -190 0
-61 -191 0
-62 -192 0
-63 -193 0
-64 -194 0
-65 -195 0
-66 -196 0
-67 -197 0
-68 -198 0
-69 -199 0
-70 -200 0
-61 -201 0
-62 -202 0
-63 -203 0
-64 -204 0
-65 -205 0
-66 -206 0
-67 -207 0
-68 -208 0
-69 -209 0
-70 -210 0
80 79 78 77 76 75 74 73 72 71 0
-71 -72 0
-71 -73 0
-71 -74 0
-71 -75 0
-71 -76 0
-71 -77 0
-71 -78 0
-71 -79 0
-71 -80 0
-72 -73 0
-72 -74 0
-72 -75 0
-72 -76 0
-72 -77 0
-72 -78 0
-72 -79 0
-72 -80 0
-73 -74 0
-73 -75 0
-73 -76 0
-73 -77 0
-73 -78 0
-73 -79 0
-73 -80 0
-74 -75 0
-74 -76 0
-74 -77 0
-74 -78 0
-74 -79 0
-74 -80 0
-75 -76 0
-75 -77 0
-75 -78 0
-75 -79 0
-75 -80 0
-76 -77 0
-76 -78 0
-76 -79 0
-76 -80 0
-77 -78 0
-77 -79 0
-77 -80 0
-78 -79 0
-78 -80 0
-79 -80 0
-71 -1 0
-72 -2 0
-73 -3 0
-74 -4 0
-75 -5 0
-76 -6 0
-77 -7 0
-78 -8 0
-79 -9 0
-80 -10 0
-71 -11 0
-72 -12 0
-73 -13 0
-74 -14 0
-75 -15 0
-76 -16 0
-77 -17 0
-78 -18 0
-79 -19 0
-80 -20 0
-71 -21 0
-72 -22 0
-73 -23 0
-74 -24 0
-75 -25 0
-76 -26 0
-77 -27 0
-78 -28 0
-79 -29 0
-80 -30 0
-71 -31 0
-72 -32 0
-73 -33 0
-74 -34 0
-75 -35 0
-76 -36 0
-77 -37 0
-78 -38 0
-79 -39 0
-80 -40 0
-71 -41 0
-72 -42 0
-73 -43 0
-74 -44 0
-75 -45 0
-76 -46 0
-77 -47 0
-78 -48 0
-79 -49 0
-80 -50 0
-71 -51 0
-72 -52 0
-73 -53 0
-74 -54 0
-75 -55 0
-76 -56 0
-77 -57 0
-78 -58 0
-79 -59 0
-80 -60 0
-71 -61 0
-72 -62 0
-73 -63 0
-74 -64 0
-75 -65 0
-76 -66 0
-77 -67 0
-78 -68 0
-79 -69 0
-80 -70 0
-71 -81 0
-72 -82 0
-73 -83 0
-74 -84 0
-75 -85 0
-76 -86 0
-77 -87 0
-78 -88 0
-79 -89 0
-80 -90 0
-71 -91 0
-72 -92 0
-73 -93 0
-74 -94 0
-75 -95 0
-76 -96 0
-77 -97 0
-78 -98 0
-79 -99 0
-80 -100 0
-71 -101 0
-72 -102 0
-73 -103 0
-74 -104 0
-75 -105 0
-76 -106 0
-77 -107 0
-78 -108 0
-79 -109 0
-80 -110 0
-71 -111 0
-72 -112 0
-73 -113 0
-74 -114 0
-75 -115 0
-76 -116 0
-77 -117 0
-78 -118 0
-79 -119 0
-80 -120 0
-71 -121 0
-72 -122 0
-73 -123 0
-74 -124 0
-75 -125 0
-76 -126 0
-77 -127 0
-78 -128 0
-79 -129 0
-80 -130 0
-71 -131 0
-72 -132 0
-73 -133 0
-74 -134 0
-75 -135 0
-76 -136 0
-77 -137 0
-78 -138 0
-79 -139 0
-80 -140 0
-71 -141 0
-72 -142 0
-73 -143 0
-74 -144 0
-75 -145 0
-76 -146 0
-77 -147 0
-78 -148 0
-79 -149 0
-80 -150 0
-71 -151 0
-72 -152 0
-73 -153 0
-74 -154 0
-75 -155 0
-76 -156 0
-77 -157 0
-78 -158 0
-79 -159 0
-80 -160 0
-71 -161 0
-72 -162 0
-73 -163 0
-74 -164 0
-75 -165 0
-76 -166 0
-77 -167 0
-78 -168 0
-79 -169 0
-80 -170 0
-71 -171 0
-72 -172 0
-73 -173 0
-74 -174 0
-75 -175 0
-76 -176 0
-77 -177 0
-78 -178 0
-79 -179 0
-80 -180 0
-71 -181 0
-72 -182 0
-73 -183 0
-74 -184 0
-75 -185 0
-76 -186 0
-77 -187 0
-78 -188 0
-79 -189 0
-80 -190 0
-71 -191 0
-72 -192 0
-73 -193 0
-74 -194 0
-75 -195 0
-76 -196 0
-77 -197 0
-78 -198 0
-79 -199 0
-80 -200 0
-71 -201 0
-72 -202 0
-73 -203 0
-74 -204 0
-75 -205 0
-76 -206 0
-77 -207 0
-78 -208 0
-79 -209 0
-80 -210 0
90 89 88 87 86 85 84 83 82 81 0
-81 -82 0
-81 -83 0
-81 -84 0
-81 -85 0
-81 -86 0
-81 -87 0
-81 -88 0
-81 -89 0
-81 -90 0
-82 -83 0
-82 -84 0
-82 -85 0
-82 -86 0
-82 -87 0
-82 -88 0
-82 -89 0
-82 -90 0
-83 -84 0
-83 -85 0
-83 -86 0
-83 -87 0
-83 -88 0
-83 -89 0
-83 -90 0
-84 -85 0
-84 -86 0
-84 -87 0
-84 -88 0
-84 -89 0
-84 -90 0
-85 -86 0
-85 -87 0
-85 -88 0
-85 -89 0
-85 -90 0
-86 -87 0
-86 -88 0
-86 -89 0
-86 -90 0
-87 -88 0
-87 -89 0
-87 -90 0
-88 -89 0
-88 -90 0
-89 -90 0
-81 -1 0
-82 -2 0
-83 -3 0
-84 -4 0
-85 -5 0
-86 -6 0
-87 -7 0
-88 -8 0
-89 -9 0
-90 -10 0
-81 -11 0
-82 -12 0
-83 -13 0
-84 -14 0
-85 -15 0
-86 -16 0
-87 -17 0
-88 -18 0
-89 -19 0
-90 -20 0
-81 -21 0
-82 -22 0
-83 -23 0
-84 -24 0
-85 -25 0
-86 -26 0
-87 -27 0
-88 -28 0
-89 -29 0
-90 -30 0
-81 -31 0
-82 -32 0
-83 -33 0
-84 -34 0
-85 -35 0
-86 -36 0
-87 -37 0
-88 -38 0
-89 -39 0
-90 -40 0
-81 -41 0
-82 -42 0
-83 -43 0
-84 -44 0
-85 -45 0
-86 -46 0
-87 -47 0
-88 -48 0
-89 -49 0
-90 -50 0
-81 -51 0
-82 -52 0
-83 -53 0
-84 -54 0
-85 -55 0
-86 -56 0
-87 -57 0
-88 -58 0
-89 -59 0
-90 -60 0
-81 -61 0
-82 -62 0
-83 -63 0
-84 -64 0
-85 -65 0
-86 -66 0
-87 -67 0
-88 -68 0
-89 -69 0
-90 -70 0
-81 -71 0
-82 -72 0
-83 -73 0
-84 -74 0
-85 -75 0
-86 -76 0
-87 -77 0
-88 -78 0
-89 -79 0
-90 -80 0
-81 -91 0
-82 -92 0
-83 -93 0
-84 -94 0
-85 -95 0
-86 -96 0
-87 -97 0
-88 -98 0
-89 -99 0
-90 -100 0
-81 -101 0
-82 -102 0
-83 -103 0
-84 -104 0
-85 -105 0
-86 -106 0
-87 -107 0
-88 -108 0
-89 -109 0
-90 -110 0
-81 -111 0
-82 -112 0
-83 -113 0
-84 -114 0
-85 -115 0
-86 -116 0
-87 -117 0
-88 -118 0
-89 -119 0
-90 -120 0
-81 -121 0
-82 -122 0
-83 -123 0
-84 -124 0
-85 -125 0
-86 -126 0
-87 -127 0
-88 -128 0
-89 -129 0
-90 -130 0
-81 -131 0
-82 -132 0
-83 -133 0
-84 -134 0
-85 -135 0
-86 -136 0
-87 -137 0
-88 -138 0
-89 -139 0
-90 -140 0
-81 -141 0
-82 -142 0
-83 -143 0
-84 -144 0
-85 -145 0
-86 -146 0
-87 -147 0
-88 -148 0
-89 -149 0
-90 -150 0
-81 -151 0
-82 -152 0
-83 -153 0
-84 -154 0
-85 -155 0
-86 -156 0
-87 -157 0
-88 -158 0
-89 -159 0
-90 -160 0
-81 -161 0
-82 -162 0
-83 -163 0
-84 -164 0
-85 -165 0
-86 -166 0
-87 -167 0
-88 -168 0
-89 -169 0
-90 -170 0
-81 -171 0
-82 -172 0
-83 -173 0
-84 -174 0
-85 -175 0
-86 -176 0
-87 -177 0
-88 -178 0
-89 -179 0
-90 -180 0
-81 -181 0
-82 -182 0
-83 -183 0
-84 -184 0
-85 -185 0
-86 -186 0
-87 -187 0
-88 -188 0
-89 -189 0
-90 -190 0
-81 -191 0
-82 -192 0
-83 -193 0
-84 -194 0
-85 -195 0
-86 -196 0
-87 -197 0
-88 -198 0
-89 -199 0
-90 -200 0
-81 -201 0
-82 -202 0
-83 -203 0
-84 -204 0
-85 -205 0
-86 -206 0
-87 -207 0
-88 -208 0
-89 -209 0
-90 -210 0
100 99 98 97 96 95 94 93 92 91 0
-91 -92 0
-91 -93 0
-91 -94 0
-91 -95 0
-91 -96 0
-91 -97 0
-91 -98 0
-91 -99 0
-91 -100 0
-92 -93 0
-92 -94 0
-92 -95 0
-92 -96 0
-92 -97 0
-92 -98 0
-92 -99 0
-92 -100 0
-93 -94 0
-93 -95 0
-93 -96 0
-93 -97 0
-93 -98 0
-93 -99 0
-93 -100 0
-94 -95 0
-94 -96 0
-94 -97 0
-94 -98 0
-94 -99 0
-94 -100 0
-95 -96 0
-95 -97 0
-95 -98 0
-95 -99 0
-95 -100 0
-96 -97 0
-96 -98 0
-96 -99 0
-96 -100 0
-97 -98 0
-97 -99 0
-97 -100 0
-98 -99 0
-98 -100 0
-99 -100 0
-91 -1 0
-92 -2 0
-93 -3 0
-94 -4 0
-95 -5 0
-96 -6 0
-97 -7 0
-98 -8 0
-99 -9 0
-100 -10 0
-91 -11 0
-92 -12 0
-93 -13 0
-94 -14 0
-95 -15 0
-96 -16 0
-97 -17 0
-98 -18 0
-99 -19 0
-100 -20 0
-91 -21 0
-92 -22 0
-93 -23 0
-94 -24 0
-95 -25 0
-96 -26 0
-97 -27 0
-98 -28 0
-99 -29 0
-100 -30 0
-91 -31 0
-92 -32 0
-93 -33 0
-94 -34 0
-95 -35 0
-96 -36 0
-97 -37 0
-98 -38 0
-99 -39 0
-100 -40 0
-91 -41 0
-92 -42 0
-93 -43 0
-94 -44 0
-95 -45 0
-96 -46 0
-97 -47 0
-98 -48 0
-99 -49 0
-100 -50 0
-91 -51 0
-92 -52 0
-93 -53 0
-94 -54 0
-95 -55 0
-96 -56 0
-97 -57 0
-98 -58 0
-99 -59 0
-100 -60 0
-91 -61 0
-92 -62 0
-93 -63 0
-94 -64 0
-95 -65 0
-96 -66 0
-97 -67 0
-98 -68 0
-99 -69 0
-100 -70 0
-91 -71 0
-92 -72 0
-93 -73 0
-94 -74 0
-95 -75 0
-96 -76 0
-97 -77 0
-98 -78 0
-99 -79 0
-100 -80 0
-91 -81 0
-92 -82 0
-93 -83 0
-94 -84 0
-95 -85 0
-96 -86 0
-97 -87 0
-98 -88 0
-99 -89 0
-100 -90 0
-91 -101 0
-92 -102 0
-93 -103 0
-94 -104 0
-95 -105 0
-96 -106 0
-97 -107 0
-98 -108 0
-99 -109 0
-100 -110 0
-91 -111 0
-92 -112 0
-93 -113 0
-94 -114 0
-95 -115 0
-96 -116 0
-97 -117 0
-98 -118 0
-99 -119 0
-100 -120 0
-91 -121 0
-92 -122 0
-93 -123 0
-94 -124 0
-95 -125 0
-96 -126 0
-97 -127 0
-98 -128 0
-99 -129 0
-100 -130 0
-91 -131 0
-92 -132 0
-93 -133 0
-94 -134 0
-95 -135 0
-96 -136 0
-97 -137 0
-98 -138 0
-99 -139 0
-100 -140 0
-91 -141 0
-92 -142 0
-93 -143 0
-94 -144 0
-95 -145 0
-96 -146 0
-97 -147 0
-98 -148 0
-99 -149 0
-100 -150 0
-91 -151 0
-92 -152 0
-93 -153 0
-94 -154 0
-95 -155 0
-96 -156 0
-97 -157 0
-98 -158 0
-99 -159 0
-100 -160 0
-91 -161 0
-92 -162 0
-93 -163 0
-94 -164 0
-95 -165 0
-96 -166 0
-97 -167 0
-98 -168 0
-99 -169 0
-100 -170 0
-91 -171 0
-92 -172 0
-93 -173 0
-94 -174 0
-95 -175 0
-96 -176 0
-97 -177 0
-98 -178 0
-99 -179 0
-100 -180 0
-91 -181 0
-92 -182 0
-93 -183 0
-94 -184 0
-95 -185 0
-96 -186 0
-97 -187 0
-98 -188 0
-99 -189 0
-100 -190 0
-91 -191 0
-92 -192 0
-93 -193 0
-94 -194 0
-95 -195 0
-96 -196 0
-97 -197 0
-98 -198 0
-99 -199 0
-100 -200 0
-91 -201 0
-92 -202 0
-93 -203 0
-94 -204 0
-95 -205 0
-96 -206 0
-97 -207 0
-98 -208 0
-99 -209 0
-100 -210 0
110 109 108 107 106 105 104 103 102 101 0
-101 -102 0
-101 -103 0
-101 -104 0
-101 -105 0
-101 -106 0
-101 -107 0
-101 -108 0
-101 -109 0
-101 -110 0
-102 -103 0
-102 -104 0
-102 -105 0
-102 -106 0
-102 -107 0
-102 -108 0
-102 -109 0
-102 -110 0
-103 -104 0
-103 -105 0
-103 -106 0
-103 -107 0
-103 -108 0
-103 -109 0
-103 -110 0
-104 -105 0
-104 -106 0
-104 -107 0
-104 -108 0
-104 -109 0
-104 -110 0
-105 -106 0
-105 -107 0
-105 -108 0
-105 -109 0
-105 -110 0
-106 -107 0
-106 -108 0
-106 -109 0
-106 -110 0
-107 -108 0
-107 -109 0
-107 -110 0
-108 -109 0
-108 -110 0
-109 -110 0
-101 -1 0
-102 -2 0
-103 -3 0
-104 -4 0
-105 -5 0
-106 -6 0
-107 -7 0
-108 -8 0
-109 -9 0
-110 -10 0
-101 -11 0
-102 -12 0
-103 -13 0
-104 -14 0
-105 -15 0
-106 -16 0
-107 -17 0
-108 -18 0
-109 -19 0
-110 -20 0
-101 -21 0
-102 -22 0
-103 -23 0
-104 -24 0
-105 -25 0
-106 -26 0
-107 -27 0
-108 -28 0
-109 -29 0
-110 -30 0
-101 -31 0
-102 -32 0
-103 -33 0
-104 -34 0
-105 -35 0
-106 -36 0
-107 -37 0
-108 -38 0
-109 -39 0
-110 -40 0
-101 -41 0
-102 -42 0
-103 -43 0
-104 -44 0
-105 -45 0
-106 -46 0
-107 -47 0
-108 -48 0
-109 -49 0
-110 -50 0
-101 -51 0
-102 -52 0
-103 -53 0
-104 -54 0
-105 -55 0
-106 -56 0
-107 -57 0
-108 -58 0
-109 -59 0
-110 -60 0
-101 -61 0
-102 -62 0
-103 -63 0
-104 -64 0
-105 -65 0
-106 -66 0
-107 -67 0
-108 -68 0
-109 -69 0
-110 -70 0
-101 -71 0
-102 -72 0
-103 -73 0
-104 -74 0
-105 -75 0
-106 -76 0
-107 -77 0
-108 -78 0
-109 -79 0
-110 -80 0
-101 -81 0
-102 -82 0
-103 -83 0
-104 -84 0
-105 -85 0
-106 -86 0
-107 -87 0
-108 -88 0
-109 -89 0
-110 -90 0
-101 -91 0
-102 -92 0
-103 -93 0
-104 -94 0
-105 -95 0
-106 -96 0
-107 -97 0
-108 -98 0
-109 -99 0
-110 -100 0
-101 -111 0
-102 -112 0
-103 -113 0
-104 -114 0
-105 -115 0
-106 -116 0
-107 -117 0
-108 -118 0
-109 -119 0
-110 -120 0
-101 -121 0
-102 -122 0
-103 -123 0
-104 -124 0
-105 -125 0
-106 -126 0
-107 -127 0
-108 -128 0
-109 -129 0
-110 -130 0
-101 -131 0
-102 -132 0
-103 -133 0
-104 -134 0
-105 -135 0
-106 -136 0
-107 -137 0
-108 -138 0
-109 -139 0
-110 -140 0
-101 -141 0
-102 -142 0
-103 -143 0
-104 -144 0
-105 -145 0
-106 -146 0
-107 -147 0
-108 -148 0
-109 -149 0
-110 -150 0
-101 -151 0
-102 -152 0
-103 -153 0
-104 -154 0
-105 -155 0
-106 -156 0
-107 -157 0
-108 -158 0
-109 -159 0
-110 -160 0
-101 -161 0
-102 -162 0
-103 -163 0
-104 -164 0
-105 -165 0
-106 -166 0
-107 -167 0
-108 -168 0
-109 -169 0
-110 -170 0
-101 -171 0
-102 -172 0
-103 -173 0
-104 -174 0
-105 -175 0
-106 -176 0
-107 -177 0
-108 -178 0
-109 -179 0
-110 -180 0
-101 -181 0
-102 -182 0
-103 -183 0
-104 -184 0
-105 -185 0
-106 -186 0
-107 -187 0
-108 -188 0
-109 -189 0
-110 -190 0
-101 -191 0
-102 -192 0
-103 -193 0
-104 -194 0
-105 -195 0
-106 -196 0
-107 -197 0
-108 -198 0
-109 -199 0
-110 -200 0
-101 -201 0
-102 -202 0
-103 -203 0
-104 -204 0
-105 -205 0
-106 -206 0
-107 -207 0
-108 -208 0
-109 -209 0
-110 -210 0
120 119 118 117 116 115 114 113 112 111 0
-111 -112 0
-111 -113 0
-111 -114 0
-111 -115 0
-111 -116 0
-111 -117 0
-111 -118 0
-111 -119 0
-111 -120 0
-112 -113 0
-112 -114 0
-112 -115 0
-112 -116 0
-112 -117 0
-112 -118 0
-112 -119 0
-112 -120 0
-113 -114 0
-113 -115 0
-113 -116 0
-113 -117 0
-113 -118 0
-113 -119 0
-113 -120 0
-114 -115 0
-114 -116 0
-114 -117 0
-114 -118 0
-114 -119 0
-114 -120 0
-115 -116 0
-115 -117 0
-115 -118 0
-115 -119 0
-115 -120 0
-116 -117 0
-116 -118 0
-116 -119 0
-116 -120 0
-117 -118 0
-117 -119 0
-117 -120 0
-118 -119 0
-118 -120 0
-119 -120 0
-111 -1 0
-112 -2 0
-113 -3 0
-114 -4 0
-115 -5 0
-116 -6 0
-117 -7 0
-118 -8 0
-119 -9 0
-120 -10 0
-111 -11 0
-112 -12 0
-113 -13 0
-114 -14 0
-115 -15 0
-116 -16 0
-117 -17 0
-118 -18 0
-119 -19 0
-120 -20 0
-111 -21 0
-112 -22 0
-113 -23 0
-114 -24 0
-115 -25 0
-116 -26 0
-117 -27 0
-118 -28 0
-119 -29 0
-120 -30 0
-111 -31 0
-112 -32 0
-113 -33 0
-114 -34 0
-115 -35 0
-116 -36 0
-117 -37 0
-118 -38 0
-119 -39 0
-120 -40 0
-111 -41 0
-112 -42 0
-113 -43 0
-114 -44 0
-115 -45 0
-116 -46 0
-117 -47 0
-118 -48 0
-119 -49 0
-120 -50 0
-111 -51 0
-112 -52 0
-113 -53 0
-114 -54 0
-115 -55 0
-116 -56 0
-117 -57 0
-118 -58 0
-119 -59 0
-120 -60 0
-111 -61 0
-112 -62 0
-113 -63 0
-114 -64 0
-115 -65 0
-116 -66 0
-117 -67 0
-118 -68 0
-119 -69 0
-120 -70 0
-111 -71 0
-112 -72 0
-113 -73 0
-114 -74 0
-115 -75 0
-116 -76 0
-117 -77 0
-118 -78 0
-119 -79 0
-120 -80 0
-111 -81 0
-112 -82 0
-113 -83 0
-114 -84 0
-115 -85 0
-116 -86 0
-117 -87 0
-118 -88 0
-119 -89 0
-120 -90 0
-111 -91 0
-112 -92 0
-113 -93 0
-114 -94 0
-115 -95 0
-116 -96 0
-117 -97 0
-118 -98 0
-119 -99 0
-120 -100 0
-111 -101 0
-112 -102 0
-113 -103 0
-114 -104 0
-115 -105 0
-116 -106 0
-117 -107 0
-118 -108 0
-119 -109 0
-120 -110 0
-111 -121 0
-112 -122 0
-113 -123 0
-114 -124 0
-115 -125 0
-116 -126 0
-117 -127 0
-118 -128 0
-119 -129 0
-120 -130 0
-111 -131 0
-112 -132 0
-113 -133 0
-114 -134 0
-115 -135 0
-116 -136 0
-117 -137 0
-118 -138 0
-119 -139 0
-120 -140 0
-111 -141 0
-112 -142 0
-113 -143 0
-114 -144 0
-115 -145 0
-116 -146 0
-117 -147 0
-118 -148 0
-119 -149 0
-120 -150 0
-111 -151 0
-112 -152 0
-113 -153 0
-114 -154 0
-115 -155 0
-116 -156 0
-117 -157 0
-118 -158 0
-119 -159 0
-120 -160 0
-111 -161 0
-112 -162 0
-113 -163 0
-114 -164 0
-115 -165 0
-116 -166 0
-117 -167 0
-118 -168 0
-119 -169 0
-120 -170 0
-111 -171 0
-112 -172 0
-113 -173 0
-114 -174 0
-115 -175 0
-116 -176 0
-117 -177 0
-118 -178 0
-119 -179 0
-120 -180 0
-111 -181 0
-112 -182 0
-113 -183 0
-114 -184 0
-115 -185 0
-116 -186 0
-117 -187 0
-118 -188 0
-119 -189 0
-120 -190 0
-111 -191 0
-112 -192 0
-113 -193 0
-114 -194 0
-115 -195 0
-116 -196 0
-117 -197 0
-118 -198 0
-119 -199 0
-120 -200 0
-111 -201 0
-112 -202 0
-113 -203 0
-114 -204 0
-115 -205 0
-116 -206 0
-117 -207 0
-118 -208 0
-119 -209 0
-120 -210 0
130 129 128 127 126 125 124 123 122 121 0
-121 -122 0
-121 -123 0
-121 -124 0
-121 -125 0
-121 -126 0
-121 -127 0
-121 -128 0
-121 -129 0
-121 -130 0
-122 -123 0
-122 -124 0
-122 -125 0
-122 -126 0
-122 -127 0
-122 -128 0
-122 -129 0
-122 -130 0
-123 -124 0
-123 -125 0
-123 -126 0
-123 -127 0
-123 -128 0
-123 -129 0
-123 -130 0
-124 -125 0
-124 -126 0
-124 -127 0
-124 -128 0
-124 -129 0
-124 -130 0
-125 -126 0
-125 -127 0
-125 -128 0
-125 -129 0
-125 -130 0
-126 -127 0
-126 -128 0
-126 -129 0
-126 -130 0
-127 -128 0
-127 -129 0
-127 -130 0
-128 -129 0
-128 -130 0
-129 -130 0
-121 -1 0
-122 -2 0
-123 -3 0
-124 -4 0
-125 -5 0
-126 -6 0
-127 -7 0
-128 -8 0
-129 -9 0
-130 -10 0
-121 -11 0
-122 -12 0
-123 -13 0
-124 -14 0
-125 -15 0
-126 -16 0
-127 -17 0
-128 -18 0
-129 -19 0
-130 -20 0
-121 -21 0
-122 -22 0
-123 -23 0
-124 -24 0
-125 -25 0
-126 -26 0
-127 -27 0
-128 -28 0
-129 -29 0
-130 -30 0
-121 -31 0
-122 -32 0
-123 -33 0
-124 -34 0
-125 -35 0
-126 -36 0
-127 -37 0
-128 -38 0
-129 -39 0
-130 -40 0
-121 -41 0
-122 -42 0
-123 -43 0
-124 -44 0
-125 -45 0
-126 -46 0
-127 -47 0
-128 -48 0
-129 -49 0
-130 -50 0
-121 -51 0
-122 -52 0
-123 -53 0
-124 -54 0
-125 -55 0
-126 -56 0
-127 -57 0
-128 -58 0
-129 -59 0
-130 -60 0
-121 -61 0
-122 -62 0
-123 -63 0
-124 -64 0
-125 -65 0
-126 -66 0
-127 -67 0
-128 -68 0
-129 -69 0
-130 -70 0
-121 -71 0
-122 -72 0
-123 -73 0
-124 -74 0
-125 -75 0
-126 -76 0
-127 -77 0
-128 -78 0
-129 -79 0
-130 -80 0
-121 -81 0
-122 -82 0
-123 -83 0
-124 -84 0
-125 -85 0
-126 -86 0
-127 -87 0
-128 -88 0
-129 -89 0
-130 -90 0
-121 -91 0
-122 -92 0
-123 -93 0
-124 -94 0
-125 -95 0
-126 -96 0
-127 -97 0
-128 -98 0
-129 -99 0
-130 -100 0
-121 -101 0
-122 -102 0
-123 -103 0
-124 -104 0
-125 -105 0
-126 -106 0
-127 -107 0
-128 -108 0
-129 -109 0
-130 -110 0
-121 -111 0
-122 -112 0
-123 -113 0
-124 -114 0
-125 -115 0
-126 -116 0
-127 -117 0
-128 -118 0
-129 -119 0
-130 -120 0
-121 -131 0
-122 -132 0
-123 -133 0
-124 -134 0
-125 -135 0
-126 -136 0
-127 -137 0
-128 -138 0
-129 -139 0
-130 -140 0
-121 -141 0
-122 -142 0
-123 -143 0
-124 -144 0
-125 -145 0
-126 -146 0
-127 -147 0
-128 -148 0
-129 -149 0
-130 -150 0
-121 -151 0
-122 -152 0
-123 -153 0
-124 -154 0
-125 -155 0
-126 -156 0
-127 -157 0
-128 -158 0
-129 -159 0
-130 -160 0
-121 -161 0
-122 -162 0
-123 -163 0
-124 -164 0
-125 -165 0
-126 -166 0
-127 -167 0
-128 -168 0
-129 -169 0
-130 -170 0
-121 -171 0
-122 -172 0
-123 -173 0
-124 -174 0
-125 -175 0
-126 -176 0
-127 -177 0
-128 -178 0
-129 -179 0
-130 -180 0
-121 -181 0
-122 -182 0
-123 -183 0
-124 -184 0
-125 -185 0
-126 -186 0
-127 -187 0
-128 -188 0
-129 -189 0
-130 -190 0
-121 -191 0
-122 -192 0
-123 -193 0
-124 -194 0
-125 -195 0
-126 -196 0
-127 -197 0
-128 -198 0
-129 -199 0
-130 -200 0
-121 -201 0
-122 -202 0
-123 -203 0
-124 -204 0
-125 -205 0
-126 -206 0
-127 -207 0
-128 -208 0
-129 -209 0
-130 -210 0
140 139 138 137 136 135 134 133 132 131 0
-131 -132 0
-131 -133 0
-131 -134 0
-131 -135 0
-131 -136 0
-131 -137 0
-131 -138 0
-131 -139 0
-131 -140 0
-132 -133 0
-132 -134 0
-132 -135 0
-132 -136 0
-132 -137 0
-132 -138 0
-132 -139 0
-132 -140 0
-133 -134 0
-133 -135 0
-133 -136 0
-133 -137 0
-133 -138 0
-133 -139 0
-133 -140 0
-134 -135 0
-134 -136 0
-134 -137 0
-134 -138 0
-134 -139 0
-134 -140 0
-135 -136 0
-135 -137 0
-135 -138 0
-135 -139 0
-135 -140 0
-136 -137 0
-136 -138 0
-136 -139 0
-136 -140 0
-137 -138 0
-137 -139 0
-137 -140 0
-138 -139 0
-138 -140 0
-139 -140 0
-131 -1 0
-132 -2 0
-133 -3 0
-134 -4 0
-135 -5 0
-136 -6 0
-137 -7 0
-138 -8 0
-139 -9 0
-140 -10 0
-131 -11 0
-132 -12 0
-133 -13 0
-134 -14 0
-135 -15 0
-136 -16 0
-137 -17 0
-138 -18 0
-139 -19 0
-140 -20 0
-131 -21 0
-132 -22 0
-133 -23 0
-134 -24 0
-135 -25 0
-136 -26 0
-137 -27 0
-138 -28 0
-139 -29 0
-140 -30 0
-131 -31 0
-132 -32 0
-133 -33 0
-134 -34 0
-135 -35 0
-136 -36 0
-137 -37 0
-138 -38 0
-139 -39 0
-140 -40 0
-131 -41 0
-132 -42 0
-133 -43 0
-134 -44 0
-135 -45 0
-136 -46 0
-137 -47 0
-138 -48 0
-139 -49 0
-140 -50 0
-131 -51 0
-132 -52 0
-133 -53 0
-134 -54 0
-135 -55 0
-136 -56 0
-137 -57 0
-138 -58 0
-139 -59 0
-140 -60 0
-131 -61 0
-132 -62 0
-133 -63 0
-134 -64 0
-135 -65 0
-136 -66 0
-137 -67 0
-138 -68 0
-139 -69 0
-140 -70 0
-131 -71 0
-132 -72 0
-133 -73 0
-134 -74 0
-135 -75 0
-136 -76 0
-137 -77 0
-138 -78 0
-139 -79 0
-140 -80 0
-131 -81 0
-132 -82 0
-133 -83 0
-134 -84 0
-135 -85 0
-136 -86 0
-137 -87 0
-138 -88 0
-139 -89 0
-140 -90 0
-131 -91 0
-132 -92 0
-133 -93 0
-134 -94 0
-135 -95 0
-136 -96 0
-137 -97 0
-138 -98 0
-139 -99 0
-140 -100 0
-131 -101 0
-132 -102 0
-133 -103 0
-134 -104 0
-135 -105 0
-136 -106 0
-137 -107 0
-138 -108 0
-139 -109 0
-140 -110 0
-131 -111 0
-132 -112 0
-133 -113 0
-134 -114 0
-135 -115 0
-136 -116 0
-137 -117 0
-138 -118 0
-139 -119 0
-140 -120 0
-131 -121 0
-132 -122 0
-133 -123 0
-134 -124 0
-135 -125 0
-136 -126 0
-137 -127 0
-138 -128 0
-139 -129 0
-140 -130 0
-131 -141 0
-132 -142 0
-133 -143 0
-134 -144 0
-135 -145 0
-136 -146 0
-137 -147 0
-138 -148 0
-139 -149 0
-140 -150 0
-131 -151 0
-132 -152 0
-133 -153 0
-134 -154 0
-135 -155 0
-136 -156 0
-137 -157 0
-138 -158 0
-139 -159 0
-140 -160 0
-131 -161 0
-132 -162 0
-133 -163 0
-134 -164 0
-135 -165 0
-136 -166 0
-137 -167 0
-138 -168 0
-139 -169 0
-140 -170 0
-131 -171 0
-132 -172 0
-133 -173 0
-134 -174 0
-135 -175 0
-136 -176 0
-137 -177 0
-138 -178 0
-139 -179 0
-140 -180 0
-131 -181 0
-132 -182 0
-133 -183 0
-134 -184 0
-135 -185 0
-136 -186 0
-137 -187 0
-138 -188 0
-139 -189 0
-140 -190 0
-131 -191 0
-132 -192 0
-133 -193 0
-134 -194 0
-135 -195 0
-136 -196 0
-137 -197 0
-138 -198 0
-139 -199 0
-140 -200 0
-131 -201 0
-132 -202 0
-133 -203 0
-134 -204 0
-135 -205 0
-136 -206 0
-137 -207 0
-138 -208 0
-139 -209 0
-140 -210 0
150 149 148 147 146 145 144 143 142 141 0
-141 -142 0
-141 -143 0
-141 -144 0
-141 -145 0
-141 -146 0
-141 -147 0
-141 -148 0
-141 -149 0
-141 -150 0
-142 -143 0
-142 -144 0
-142 -145 0
-142 -146 0
-142 -147 0
-142 -148 0
-142 -149 0
-142 -150 0
-143 -144 0
-143 -145 0
-143 -146 0
-143 -147 0
-143 -148 0
-143 -149 0
-143 -150 0
-144 -145 0
-144 -146 0
-144 -147 0
-144 -148 0
-144 -149 0
-144 -150 0
-145 -146 0
-145 -147 0
-145 -148 0
-145 -149 0
-145 -150 0
-146 -147 0
-146 -148 0
-146 -149 0
-146 -150 0
-147 -148 0
-147 -149 0
-147 -150 0
-148 -149 0
-148 -150 0
-149 -150 0
-141 -1 0
-142 -2 0
-143 -3 0
-144 -4 0
-145 -5 0
-146 -6 0
-147 -7 0
-148 -8 0
-149 -9 0
-150 -10 0
-141 -11 0
-142 -12 0
-143 -13 0
-144 -14 0
-145 -15 0
-146 -16 0
-147 -17 0
-148 -18 0
-149 -19 0
-150 -20 0
-141 -21 0
-142 -22 0
-143 -23 0
-144 -24 0
-145 -25 0
-146 -26 0
-147 -27 0
-148 -28 0
-149 -29 0
-150 -30 0
-141 -31 0
-142 -32 0
-143 -33 0
-144 -34 0
-145 -35 0
-146 -36 0
-147 -37 0
-148 -38 0
-149 -39 0
-150 -40 0
-141 -41 0
-142 -42 0
-143 -43 0
-144 -44 0
-145 -45 0
-146 -46 0
-147 -47 0
-148 -48 0
-149 -49 0
-150 -50 0
-141 -51 0
-142 -52 0
-143 -53 0
-144 -54 0
-145 -55 0
-146 -56 0
-147 -57 0
-148 -58 0
-149 -59 0
-150 -60 0
-141 -61 0
-142 -62 0
-143 -63 0
-144 -64 0
-145 -65 0
-146 -66 0
-147 -67 0
-148 -68 0
-149 -69 0
-150 -70 0
-141 -71 0
-142 -72 0
-143 -73 0
-144 -74 0
-145 -75 0
-146 -76 0
-147 -77 0
-148 -78 0
-149 -79 0
-150 -80 0
-141 -81 0
-142 -82 0
-143 -83 0
-144 -84 0
-145 -85 0
-146 -86 0
-147 -87 0
-148 -88 0
-149 -89 0
-150 -90 0
-141 -91 0
-142 -92 0
-143 -93 0
-144 -94 0
-145 -95 0
-146 -96 0
-147 -97 0
-148 -98 0
-149 -99 0
-150 -100 0
-141 -101 0
-142 -102 0
-143 -103 0
-144 -104 0
-145 -105 0
-146 -106 0
-147 -107 0
-148 -108 0
-149 -109 0
-150 -110 0
-141 -111 0
-142 -112 0
-143 -113 0
-144 -114 0
-145 -115 0
-146 -116 0
-147 -117 0
-148 -118 0
-149 -119 0
-150 -120 0
-141 -121 0
-142 -122 0
-143 -123 0
-144 -124 0
-145 -125 0
-146 -126 0
-147 -127 0
-148 -128 0
-149 -129 0
-150 -130 0
-141 -131 0
-142 -132 0
-143 -133 0
-144 -134 0
-145 -135 0
-146 -136 0
-147 -137 0
-148 -138 0
-149 -139 0
-150 -140 0
-141 -151 0
-142 -152 0
-143 -153 0
-144 -154 0
-145 -155 0
-146 -156 0
-147 -157 0
-148 -158 0
-149 -159 0
-150 -160 0
-141 -161 0
-142 -162 0
-143 -163 0
-144 -164 0
-145 -165 0
-146 -166 0
-147 -167 0
-148 -168 0
-149 -169 0
-150 -170 0
-141 -171 0
-142 -172 0
-143 -173 0
-144 -174 0
-145 -175 0
-146 -176 0
-147 -177 0
-148 -178 0
-149 -179 0
-150 -180 0
-141 -181 0
-142 -182 0
-143 -183 0
-144 -184 0
-145 -185 0
-146 -186 0
-147 -187 0
-148 -188 0
-149 -189 0
-150 -190 0
-141 -191 0
-142 -192 0
-143 -193 0
-144 -194 0
-145 -195 0
-146 -196 0
-147 -197 0
-148 -198 0
-149 -199 0
-150 -200 0
-141 -201 0
-142 -202 0
-143 -203 0
-144 -204 0
-145 -205 0
-146 -206 0
-147 -207 0
-148 -208 0
-149 -209 0
-150 -210 0
160 159 158 157 156 155 154 153 152 151 0
-151 -152 0
-151 -153 0
-151 -154 0
-151 -155 0
-151 -156 0
-151 -157 0
-151 -158 0
-151 -159 0
-151 -160 0
-152 -153 0
-152 -154 0
-152 -155 0
-152 -156 0
-152 -157 0
-152 -158 0
-152 -159 0
-152 -160 0
-153 -154 0
-153 -155 0
-153 -156 0
-153 -157 0
-153 -158 0
-153 -159 0
-153 -160 0
-154 -155 0
-154 -156 0
-154 -157 0
-154 -158 0
-154 -159 0
-154 -160 0
-155 -156 0
-155 -157 0
-155 -158 0
-155 -159 0
-155 -160 0
-156 -157 0
-156 -158 0
-156 -159 0
-156 -160 0
-157 -158 0
-157 -159 0
-157 -160 0
-158 -159 0
-158 -160 0
-159 -160 0
-151 -1 0
-152 -2 0
-153 -3 0
-154 -4 0
-155 -5 0
-156 -6 0
-157 -7 0
-158 -8 0
-159 -9 0
-160 -10 0
-151 -11 0
-152 -12 0
-153 -13 0
-154 -14 0
-155 -15 0
-156 -16 0
-157 -17 0
-158 -18 0
-159 -19 0
-160 -20 0
-151 -21 0
-152 -22 0
-153 -23 0
-154 -24 0
-155 -25 0
-156 -26 0
-157 -27 0
-158 -28 0
-159 -29 0
-160 -30 0
-151 -31 0
-152 -32 0
-153 -33 0
-154 -34 0
-155 -35 0
-156 -36 0
-157 -37 0
-158 -38 0
-159 -39 0
-160 -40 0
-151 -41 0
-152 -42 0
-153 -43 0
-154 -44 0
-155 -45 0
-156 -46 0
-157 -47 0
-158 -48 0
-159 -49 0
-160 -50 0
-151 -51 0
-152 -52 0
-153 -53 0
-154 -54 0
-155 -55 0
-156 -56 0
-157 -57 0
-158 -58 0
-159 -59 0
-160 -60 0
-151 -61 0
-152 -62 0
-153 -63 0
-154 -64 0
-155 -65 0
-156 -66 0
-157 -67 0
-158 -68 0
-159 -69 0
-160 -70 0
-151 -71 0
-152 -72 0
-153 -73 0
-154 -74 0
-155 -75 0
-156 -76 0
-157 -77 0
-158 -78 0
-159 -79 0
-160 -80 0
-151 -81 0
-152 -82 0
-153 -83 0
-154 -84 0
-155 -85 0
-156 -86 0
-157 -87 0
-158 -88 0
-159 -89 0
-160 -90 0
-151 -91 0
-152 -92 0
-153 -93 0
-154 -94 0
-155 -95 0
-156 -96 0
-157 -97 0
-158 -98 0
-159 -99 0
-160 -100 0
-151 -101 0
-152 -102 0
-153 -103 0
-154 -104 0
-155 -105 0
-156 -106 0
-157 -107 0
-158 -108 0
-159 -109 0
-160 -110 0
-151 -111 0
-152 -112 0
-153 -113 0
-154 -114 0
-155 -115 0
-156 -116 0
-157 -117 0
-158 -118 0
-159 -119 0
-160 -120 0
-151 -121 0
-152 -122 0
-153 -123 0
-154 -124 0
-155 -125 0
-156 -126 0
-157 -127 0
-158 -128 0
-159 -129 0
-160 -130 0
-151 -131 0
-152 -132 0
-153 -133 0
-154 -134 0
-155 -135 0
-156 -136 0
-157 -137 0
-158 -138 0
-159 -139 0
-160 -140 0
-151 -141 0
-152 -142 0
-153 -143 0
-154 -144 0
-155 -145 0
-156 -146 0
-157 -147 0
-158 -148 0
-159 -149 0
-160 -150 0
-151 -161 0
-152 -162 0
-153 -163 0
-154 -164 0
-155 -165 0
-156 -166 0
-157 -167 0
-158 -168 0
-159 -169 0
-160 -170 0
-151 -171 0
-152 -172 0
-153 -173 0
-154 -174 0
-155 -175 0
-156 -176 0
-157 -177 0
-158 -178 0
-159 -179 0
-160 -180 0
-151 -181 0
-152 -182 0
-153 -183 0
-154 -184 0
-155 -185 0
-156 -186 0
-157 -187 0
-158 -188 0
-159 -189 0
-160 -190 0
-151 -191 0
-152 -192 0
-153 -193 0
-154 -194 0
-155 -195 0
-156 -196 0
-157 -197 0
-158 -198 0
-159 -199 0
-160 -200 0
-151 -201 0
-152 -202 0
-153 -203 0
-154 -204 0
-155 -205 0
-156 -206 0
-157 -207 0
-158 -208 0
-159 -209 0
-160 -210 0
170 169 168 167 166 165 164 163 162 161 0
-161 -162 0
-161 -163 0
-161 -164 0
-161 -165 0
-161 -166 0
-161 -167 0
-161 -168 0
-161 -169 0
-161 -170 0
-162 -163 0
-162 -164 0
-162 -165 0
-162 -166 0
-162 -167 0
-162 -168 0
-162 -169 0
-162 -170 0
-163 -164 0
-163 -165 0
-163 -166 0
-163 -167 0
-163 -168 0
-163 -169 0
-163 -170 0
-164 -165 0
-164 -166 0
-164 -167 0
-164 -168 0
-164 -169 0
-164 -170 0
-165 -166 0
-165 -167 0
-165 -168 0
-165 -169 0
-165 -170 0
-166 -167 0
-166 -168 0
-166 -169 0
-166 -170 0
-167 -168 0
-167 -169 0
-167 -170 0
-168 -169 0
-168 -170 0
-169 -170 0
-161 -1 0
-162 -2 0
-163 -3 0
-164 -4 0
-165 -5 0
-166 -6 0
-167 -7 0
-168 -8 0
-169 -9 0
-170 -10 0
-161 -11 0
-162 -12 0
-163 -13 0
-164 -14 0
-165 -15 0
-166 -16 0
-167 -17 0
-168 -18 0
-169 -19 0
-170 -20 0
-161 -21 0
-162 -22 0
-163 -23 0
-164 -24 0
-165 -25 0
-166 -26 0
-167 -27 0
-168 -28 0
-169 -29 0
-170 -30 0
-161 -31 0
-162 -32 0
-163 -33 0
-164 -34 0
-165 -35 0
-166 -36 0
-167 -37 0
-168 -38 0
-169 -39 0
-170 -40 0
-161 -41 0
-162 -42 0
-163 -43 0
-164 -44 0
-165 -45 0
-166 -46 0
-167 -47 0
-168 -48 0
-169 -49 0
-170 -50 0
-161 -51 0
-162 -52 0
-163 -53 0
-164 -54 0
-165 -55 0
-166 -56 0
-167 -57 0
-168 -58 0
-169 -59 0
-170 -60 0
-161 -61 0
-162 -62 0
-163 -63 0
-164 -64 0
-165 -65 0
-166 -66 0
-167 -67 0
-168 -68 0
-169 -69 0
-170 -70 0
-161 -71 0
-162 -72 0
-163 -73 0
-164 -74 0
-165 -75 0
-166 -76 0
-167 -77 0
-168 -78 0
-169 -79 0
-170 -80 0
-161 -81 0
-162 -82 0
-163 -83 0
-164 -84 0
-165 -85 0
-166 -86 0
-167 -87 0
-168 -88 0
-169 -89 0
-170 -90 0
-161 -91 0
-162 -92 0
-163 -93 0
-164 -94 0
-165 -95 0
-166 -96 0
-167 -97 0
-168 -98 0
-169 -99 0
-170 -100 0
-161 -101 0
-162 -102 0
-163 -103 0
-164 -104 0
-165 -105 0
-166 -106 0
-167 -107 0
-168 -108 0
-169 -109 0
-170 -110 0
-161 -111 0
-162 -112 0
-163 -113 0
-164 -114 0
-165 -115 0
-166 -116 0
-167 -117 0
-168 -118 0
-169 -119 0
-170 -120 0
-161 -121 0
-162 -122 0
-163 -123 0
-164 -124 0
-165 -125 0
-166 -126 0
-167 -127 0
-168 -128 0
-169 -129 0
-170 -130 0
-161 -131 0
-162 -132 0
-163 -133 0
-164 -134 0
-165 -135 0
-166 -136 0
-167 -137 0
-168 -138 0
-169 -139 0
-170 -140 0
-161 -141 0
-162 -142 0
-163 -143 0
-164 -144 0
-165 -145 0
-166 -146 0
-167 -147 0
-168 -148 0
-169 -149 0
-170 -150 0
-161 -151 0
-162 -152 0
-163 -153 0
-164 -154 0
-165 -155 0
-166 -156 0
-167 -157 0
-168 -158 0
-169 -159 0
-170 -160 0
-161 -171 0
-162 -172 0
-163 -173 0
-164 -174 0
-165 -175 0
-166 -176 0
-167 -177 0
-168 -178 0
-169 -179 0
-170 -180 0
-161 -181 0
-162 -182 0
-163 -183 0
-164 -184 0
-165 -185 0
-166 -186 0
-167 -187 0
-168 -188 0
-169 -189 0
-170 -190 0
-161 -191 0
-162 -192 0
-163 -193 0
-164 -194 0
-165 -195 0
-166 -196 0
-167 -197 0
-168 -198 0
-169 -199 0
-170 -200 0
-161 -201 0
-162 -202 0
-163 -203 0
-164 -204 0
-165 -205 0
-166 -206 0
-167 -207 0
-168 -208 0
-169 -209 0
-170 -210 0
180 179 178 177 176 175 174 173 172 171 0
-171 -172 0
-171 -173 0
-171 -174 0
-171 -175 0
-171 -176 0
-171 -177 0
-171 -178 0
-171 -179 0
-171 -180 0
-172 -173 0
-172 -174 0
-172 -175 0
-172 -176 0
-172 -177 0
-172 -178 0
-172 -179 0
-172 -180 0
-173 -174 0
-173 -175 0
-173 -176 0
-173 -177 0
-173 -178 0
-173 -179 0
-173 -180 0
-174 -175 0
-174 -176 0
-174 -177 0
-174 -178 0
-174 -179 0
-174 -180 0
-175 -176 0
-175 -177 0
-175 -178 0
-175 -179 0
-175 -180 0
-176 -177 0
-176 -178 0
-176 -179 0
-176 -180 0
-177 -178 0
-177 -179 0
-177 -180 0
-178 -179 0
-178 -180 0
-179 -180 0
-171 -1 0
-172 -2 0
-173 -3 0
-174 -4 0
-175 -5 0
-176 -6 0
-177 -7 0
-178 -8 0
-179 -9 0
-180 -10 0
-171 -11 0
-172 -12 0
-173 -13 0
-174 -14 0
-175 -15 0
-176 -16 0
-177 -17 0
-178 -18 0
-179 -19 0
-180 -20 0
-171 -21 0
-172 -22 0
-173 -23 0
-174 -24 0
-175 -25 0
-176 -26 0
-177 -27 0
-178 -28 0
-179 -29 0
-180 -30 0
-171 -31 0
-172 -32 0
-173 -33 0
-174 -34 0
-175 -35 0
-176 -36 0
-177 -37 0
-178 -38 0
-179 -39 0
-180 -40 0
-171 -41 0
-172 -42 0
-173 -43 0
-174 -44 0
-175 -45 0
-176 -46 0
-177 -47 0
-178 -48 0
-179 -49 0
-180 -50 0
-171 -51 0
-172 -52 0
-173 -53 0
-174 -54 0
-175 -55 0
-176 -56 0
-177 -57 0
-178 -58 0
-179 -59 0
-180 -60 0
-171 -61 0
-172 -62 0
-173 -63 0
-174 -64 0
-175 -65 0
-176 -66 0
-177 -67 0
-178 -68 0
-179 -69 0
-180 -70 0
-171 -71 0
-172 -72 0
-173 -73 0
-174 -74 0
-175 -75 0
-176 -76 0
-177 -77 0
-178 -78 0
-179 -79 0
-180 -80 0
-171 -81 0
-172 -82 0
-173 -83 0
-174 -84 0
-175 -85 0
-176 -86 0
-177 -87 0
-178 -88 0
-179 -89 0
-180 -90 0
-171 -91 0
-172 -92 0
-173 -93 0
-174 -94 0
-175 -95 0
-176 -96 0
-177 -97 0
-178 -98 0
-179 -99 0
-180 -100 0
-171 -101 0
-172 -102 0
-173 -103 0
-174 -104 0
-175 -105 0
-176 -106 0
-177 -107 0
-178 -108 0
-179 -109 0
-180 -110 0
-171 -111 0
-172 -112 0
-173 -113 0
-174 -114 0
-175 -115 0
-176 -116 0
-177 -117 0
-178 -118 0
-179 -119 0
-180 -120 0
-171 -121 0
-172 -122 0
-173 -123 0
-174 -124 0
-175 -125 0
-176 -126 0
-177 -127 0
-178 -128 0
-179 -129 0
-180 -130 0
-171 -131 0
-172 -132 0
-173 -133 0
-174 -134 0
-175 -135 0
-176 -136 0
-177 -137 0
-178 -138 0
-179 -139 0
-180 -140 0
-171 -141 0
-172 -142 0
-173 -143 0
-174 -144 0
-175 -145 0
-176 -146 0
-177 -147 0
-178 -148 0
-179 -149 0
-180 -150 0
-171 -151 0
-172 -152 0
-173 -153 0
-174 -154 0
-175 -155 0
-176 -156 0
-177 -157 0
-178 -158 0
-179 -159 0
-180 -160 0
-171 -161 0
-172 -162 0
-173 -163 0
-174 -164 0
-175 -165 0
-176 -166 0
-177 -167 0
-178 -168 0
-179 -169 0
-180 -170 0
-171 -181 0
-172 -182 0
-173 -183 0
-174 -184 0
-175 -185 0
-176 -186 0
-177 -187 0
-178 -188 0
-179 -189 0
-180 -190 0
-171 -191 0
-172 -192 0
-173 -193 0
-174 -194 0
-175 -195 0
-176 -196 0
-177 -197 0
-178 -198 0
-179 -199 0
-180 -200 0
-171 -201 0
-172 -202 0
-173 -203 0
-174 -204 0
-175 -205 0
-176 -206 0
-177 -207 0
-178 -208 0
-179 -209 0
-180 -210 0
190 189 188 187 186 185 184 183 182 181 0
-181 -182 0
-181 -183 0
-181 -184 0
-181 -185 0
-181 -186 0
-181 -187 0
-181 -188 0
-181 -189 0
-181 -190 0
-182 -183 0
-182 -184 0
-182 -185 0
-182 -186 0
-182 -187 0
-182 -188 0
-182 -189 0
-182 -190 0
-183 -184 0
-183 -185 0
-183 -186 0
-183 -187 0
-183 -188 0
-183 -189 0
-183 -190 0
-184 -185 0
-184 -186 0
-184 -187 0
-184 -188 0
-184 -189 0
-184 -190 0
-185 -186 0
-185 -187 0
-185 -188 0
-185 -189 0
-185 -190 0
-186 -187 0
-186 -188 0
-186 -189 0
-186 -190 0
-187 -188 0
-187 -189 0
-187 -190 0
-188 -189 0
-188 -190 0
-189 -190 0
-181 -1 0
-182 -2 0
-183 -3 0
-184 -4 0
-185 -5 0
-186 -6 0
-187 -7 0
-188 -8 0
-189 -9 0
-190 -10 0
-181 -11 0
-182 -12 0
-183 -13 0
-184 -14 0
-185 -15 0
-186 -16 0
-187 -17 0
-188 -18 0
-189 -19 0
-190 -20 0
-181 -21 0
-182 -22 0
-183 -23 0
-184 -24 0
-185 -25 0
-186 -26 0
-187 -27 0
-188 -28 0
-189 -29 0
-190 -30 0
-181 -31 0
-182 -32 0
-183 -33 0
-184 -34 0
-185 -35 0
-186 -36 0
-187 -37 0
-188 -38 0
-189 -39 0
-190 -40 0
-181 -41 0
-182 -42 0
-183 -43 0
-184 -44 0
-185 -45 0
-186 -46 0
-187 -47 0
-188 -48 0
-189 -49 0
-190 -50 0
-181 -51 0
-182 -52 0
-183 -53 0
-184 -54 0
-185 -55 0
-186 -56 0
-187 -57 0
-188 -58 0
-189 -59 0
-190 -60 0
-181 -61 0
-182 -62 0
-183 -63 0
-184 -64 0
-185 -65 0
-186 -66 0
-187 -67 0
-188 -68 0
-189 -69 0
-190 -70 0
-181 -71 0
-182 -72 0
-183 -73 0
-184 -74 0
-185 -75 0
-186 -76 0
-187 -77 0
-188 -78 0
-189 -79 0
-190 -80 0
-181 -81 0
-182 -82 0
-183 -83 0
-184 -84 0
-185 -85 0
-186 -86 0
-187 -87 0
-188 -88 0
-189 -89 0
-190 -90 0
-181 -91 0
-182 -92 0
-183 -93 0
-184 -94 0
-185 -95 0
-186 -96 0
-187 -97 0
-188 -98 0
-189 -99 0
-190 -100 0
-181 -101 0
-182 -102 0
-183 -103 0
-184 -104 0
-185 -105 0
-186 -106 0
-187 -107 0
-188 -108 0
-189 -109 0
-190 -110 0
-181 -111 0
-182 -112 0
-183 -113 0
-184 -114 0
-185 -115 0
-186 -116 0
-187 -117 0
-188 -118 0
-189 -119 0
-190 -120 0
-181 -121 0
-182 -122 0
-183 -123 0
-184 -124 0
-185 -125 0
-186 -126 0
-187 -127 0
-188 -128 0
-189 -129 0
-190 -130 0
-181 -131 0
-182 -132 0
-183 -133 0
-184 -134 0
-185 -135 0
-186 -136 0
-187 -137 0
-188 -138 0
-189 -139 0
-190 -140 0
-181 -141 0
-182 -142 0
-183 -143 0
-184 -144 0
-185 -145 0
-186 -146 0
-187 -147 0
-188 -148 0
-189 -149 0
-190 -150 0
-181 -151 0
-182 -152 0
-183 -153 0
-184 -154 0
-185 -155 0
-186 -156 0
-187 -157 0
-188 -158 0
-189 -159 0
-190 -160 0
-181 -161 0
-182 -162 0
-183 -163 0
-184 -164 0
-185 -165 0
-186 -166 0
-187 -167 0
-188 -168 0
-189 -169 0
-190 -170 0
-181 -171 0
-182 -172 0
-183 -173 0
-184 -174 0
-185 -175 0
-186 -176 0
-187 -177 0
-188 -178 0
-189 -179 0
-190 -180 0
-181 -191 0
-182 -192 0
-183 -193 0
-184 -194 0
-185 -195 0
-186 -196 0
-187 -197 0
-188 -198 0
-189 -199 0
-190 -200 0
-181 -201 0
-182 -202 0
-183 -203 0
-184 -204 0
-185 -205 0
-186 -206 0
-187 -207 0
-188 -208 0
-189 -209 0
-190 -210 0
200 199 198 197 196 195 194 193 192 191 0
-191 -192 0
-191 -193 0
-191 -194 0
-191 -195 0
-191 -196 0
-191 -197 0
-191 -198 0
-191 -199 0
-191 -200 0
-192 -193 0
-192 -194 0
-192 -195 0
-192 -196 0
-192 -197 0
-192 -198 0
-192 -199 0
-192 -200 0
-193 -194 0
-193 -195 0
-193 -196 0
-193 -197 0
-193 -198 0
-193 -199 0
-193 -200 0
-194 -195 0
-194 -196 0
-194 -197 0
-194 -198 0
-194 -199 0
-194 -200 0
-195 -196 0
-195 -197 0
-195 -198 0
-195 -199 0
-195 -200 0
-196 -197 0
-196 -198 0
-196 -199 0
-196 -200 0
-197 -198 0
-197 -199 0
-197 -200 0
-198 -199 0
-198 -200 0
-199 -200 0
-191 -1 0
-192 -2 0
-193 -3 0
-194 -4 0
-195 -5 0
-196 -6 0
-197 -7 0
-198 -8 0
-199 -9 0
-200 -10 0
-191 -11 0
-192 -12 0
-193 -13 0
-194 -14 0
-195 -15 0
-196 -16 0
-197 -17 0
-198 -18 0
-199 -19 0
-200 -20 0
-191 -21 0
-192 -22 0
-193 -23 0
-194 -24 0
-195 -25 0
-196 -26 0
-197 -27 0
-198 -28 0
-199 -29 0
-200 -30 0
-191 -31 0
-192 -32 0
-193 -33 0
-194 -34 0
-195 -35 0
-196 -36 0
-197 -37 0
-198 -38 0
-199 -39 0
-200 -40 0
-191 -41 0
-192 -42 0
-193 -43 0
-194 -44 0
-195 -45 0
-196 -46 0
-197 -47 0
-198 -48 0
-199 -49 0
-200 -50 0
-191 -51 0
-192 -52 0
-193 -53 0
-194 -54 0
-195 -55 0
-196 -56 0
-197 -57 0
-198 -58 0
-199 -59 0
-200 -60 0
-191 -61 0
-192 -62 0
-193 -63 0
-194 -64 0
-195 -65 0
-196 -66 0
-197 -67 0
-198 -68 0
-199 -69 0
-200 -70 0
-191 -71 0
-192 -72 0
-193 -73 0
-194 -74 0
-195 -75 0
-196 -76 0
-197 -77 0
-198 -78 0
-199 -79 0
-200 -80 0
-191 -81 0
-192 -82 0
-193 -83 0
-194 -84 0
-195 -85 0
-196 -86 0
-197 -87 0
-198 -88 0
-199 -89 0
-200 -90 0
-191 -91 0
-192 -92 0
-193 -93 0
-194 -94 0
-195 -95 0
-196 -96 0
-197 -97 0
-198 -98 0
-199 -99 0
-200 -100 0
-191 -101 0
-192 -102 0
-193 -103 0
-194 -104 0
-195 -105 0
-196 -106 0
-197 -107 0
-198 -108 0
-199 -109 0
-200 -110 0
-191 -111 0
-192 -112 0
-193 -113 0
-194 -114 0
-195 -115 0
-196 -116 0
-197 -117 0
-198 -118 0
-199 -119 0
-200 -120 0
-191 -121 0
-192 -122 0
-193 -123 0
-194 -124 0
-195 -125 0
-196 -126 0
-197 -127 0
-198 -128 0
-199 -129 0
-200 -130 0
-191 -131 0
-192 -132 0
-193 -133 0
-194 -134 0
-195 -135 0
-196 -136 0
-197 -137 0
-198 -138 0
-199 -139 0
-200 -140 0
-191 -141 0
-192 -142 0
-193 -143 0
-194 -144 0
-195 -145 0
-196 -146 0
-197 -147 0
-198 -148 0
-199 -149 0
-200 -150 0
-191 -151 0
-192 -152 0
-193 -153 0
-194 -154 0
-195 -155 0
-196 -156 0
-197 -157 0
-198 -158 0
-199 -159 0
-200 -160 0
-191 -161 0
-192 -162 0
-193 -163 0
-194 -164 0
-195 -165 0
-196 -166 0
-197 -167 0
-198 -168 0
-199 -169 0
-200 -170 0
-191 -171 0
-192 -172 0
-193 -173 0
-194 -174 0
-195 -175 0
-196 -176 0
-197 -177 0
-198 -178 0
-199 -179 0
-200 -180 0
-191 -181 0
-192 -182 0
-193 -183 0
-194 -184 0
-195 -185 0
-196 -186 0
-197 -187 0
-198 -188 0
-199 -189 0
-200 -190 0
-191 -201 0
-192 -202 0
-193 -203 0
-194 -204 0
-195 -205 0
-196 -206 0
-197 -207 0
-198 -208 0
-199 -209 0
-200 -210 0
210 209 208 207 206 205 204 203 202 201 0
-201 -202 0
-201 -203 0
-201 -204 0
-201 -205 0
-201 -206 0
-201 -207 0
-201 -208 0
-201 -209 0
-201 -210 0
-202 -203 0
-202 -204 0
-202 -205 0
-202 -206 0
-202 -207 0
-202 -208 0
-202 -209 0
-202 -210 0
-203 -204 0
-203 -205 0
-203 -206 0
-203 -207 0
-203 -208 0
-203 -209 0
-203 -210 0
-204 -205 0
-204 -206 0
-204 -207 0
-204 -208 0
-204 -209 0
-204 -210 0
-205 -206 0
-205 -207 0
-205 -208 0
-205 -209 0
-205 -210 0
-206 -207 0
-206 -208 0
-206 -209 0
-206 -210 0
-207 -208 0
-207 -209 0
-207 -210 0
-208 -209 0
-208 -210 0
-209 -210 0
-201 -1 0
-202 -2 0
-203 -3 0
-204 -4 0
-205 -5 0
-206 -6 0
-207 -7 0
-208 -8 0
-209 -9 0
-210 -10 0
-201 -11 0
-202 -12 0
-203 -13 0
-204 -14 0
-205 -15 0
-206 -16 0
-207 -17 0
-208 -18 0
-209 -19 0
-210 -20 0
-201 -21 0
-202 -22 0
-203 -23 0
-204 -24 0
-205 -25 0
-206 -26 0
-207 -27 0
-208 -28 0
-209 -29 0
-210 -30 0
-201 -31 0
-202 -32 0
-203 -33 0
-204 -34 0
-205 -35 0
-206 -36 0
-207 -37 0
-208 -38 0
-209 -39 0
-210 -40 0
-201 -41 0
-202 -42 0
-203 -43 0
-204 -44 0
-205 -45 0
-206 -46 0
-207 -47 0
-208 -48 0
-209 -49 0
-210 -50 0
-201 -51 0
-202 -52 0
-203 -53 0
-204 -54 0
-205 -55 0
-206 -56 0
-207 -57 0
-208 -58 0
-209 -59 0
-210 -60 0
-201 -61 0
-202 -62 0
-203 -63 0
-204 -64 0
-205 -65 0
-206 -66 0
-207 -67 0
-208 -68 0
-209 -69 0
-210 -70 0
-201 -71 0
-202 -72 0
-203 -73 0
-204 -74 0
-205 -75 0
-206 -76 0
-207 -77 0
-208 -78 0
-209 -79 0
-210 -80 0
-201 -81 0
-202 -82 0
-203 -83 0
-204 -84 0
-205 -85 0
-206 -86 0
-207 -87 0
-208 -88 0
-209 -89 0
-210 -90 0
-201 -91 0
-202 -92 0
-203 -93 0
-204 -94 0
-205 -95 0
-206 -96 0
-207 -97 0
-208 -98 0
-209 -99 0
-210 -100 0
-201 -101 0
-202 -102 0
-203 -103 0
-204 -104 0
-205 -105 0
-206 -106 0
-207 -107 0
-208 -108 0
-209 -109 0
-210 -110 0
-201 -111 0
-202 -112 0
-203 -113 0
-204 -114 0
-205 -115 0
-206 -116 0
-207 -117 0
-208 -118 0
-209 -119 0
-210 -120 0
-201 -121 0
-202 -122 0
-203 -123 0
-204 -124 0
-205 -125 0
-206 -126 0
-207 -127 0
-208 -128 0
-209 -129 0
-210 -130 0
-201 -131 0
-202 -132 0
-203 -133 0
-204 -134 0
-205 -135 0
-206 -136 0
-207 -137 0
-208 -138 0
-209 -139 0
-210 -140 0
-201 -141 0
-202 -142 0
-203 -143 0
-204 -144 0
-205 -145 0
-206 -146 0
-207 -147 0
-208 -148 0
-209 -149 0
-210 -150 0
-201 -151 0
-202 -152 0
-203 -153 0
-204 -154 0
-205 -155 0
-206 -156 0
-207 -157 0
-208 -158 0
-209 -159 0
-210 -160 0
-201 -161 0
-202 -162 0
-203 -163 0
-204 -164 0
-205 -165 0
-206 -166 0
-207 -167 0
-208 -168 0
-209 -169 0
-210 -170 0
-201 -171 0
-202 -172 0
-203 -173 0
-204 -174 0
-205 -175 0
-206 -176 0
-207 -177 0
-208 -178 0
-209 -179 0
-210 -180 0
-201 -181 0
-202 -182 0
-203 -183 0
-204 -184 0
-205 -185 0
-206 -186 0
-207 -187 0
-208 -188 0
-209 -189 0
-210 -190 0
-201 -191 0
-202 -192 0
-203 -193 0
-204 -194 0
-205 -195 0
-206 -196 0
-207 -197 0
-208 -198 0
-209 -199 0
-210 -200 0
220 219 218 217 216 215 214 213 212 211 0
-211 -212 0
-211 -213 0
-211 -214 0
-211 -215 0
-211 -216 0
-211 -217 0
-211 -218 0
-211 -219 0
-211 -220 0
-212 -213 0
-212 -214 0
-212 -215 0
-212 -216 0
-212 -217 0
-212 -218 0
-212 -219 0
-212 -220 0
-213 -214 0
-213 -215 0
-213 -216 0
-213 -217 0
-213 -218 0
-213 -219 0
-213 -220 0
-214 -215 0
-214 -216 0
-214 -217 0
-214 -218 0
-214 -219 0
-214 -220 0
-215 -216 0
-215 -217 0
-215 -218 0
-215 -219 0
-215 -220 0
-216 -217 0
-216 -218 0
-216 -219 0
-216 -220 0
-217 -218 0
-217 -219 0
-217 -220 0
-218 -219 0
-218 -220 0
-219 -220 0
-211 -1 0
-212 -2 0
-213 -3 0
-214 -4 0
-215 -5 0
-216 -6 0
-217 -7 0
-218 -8 0
-219 -9 0
-220 -10 0
-211 -61 0
-212 -62 0
-213 -63 0
-214 -64 0
-215 -65 0
-216 -66 0
-217 -67 0
-218 -68 0
-219 -69 0
-220 -70 0
-211 -11 0
-212 -12 0
-213 -13 0
-214 -14 0
-215 -15 0
-216 -16 0
-217 -17 0
-218 -18 0
-219 -19 0
-220 -20 0
-211 -81 0
-212 -82 0
-213 -83 0
-214 -84 0
-215 -85 0
-216 -86 0
-217 -87 0
-218 -88 0
-219 -89 0
-220 -90 0
-211 -71 0
-212 -72 0
-213 -73 0
-214 -74 0
-215 -75 0
-216 -76 0
-217 -77 0
-218 -78 0
-219 -79 0
-220 -80 0
-211 -21 0
-212 -22 0
-213 -23 0
-214 -24 0
-215 -25 0
-216 -26 0
-217 -27 0
-218 -28 0
-219 -29 0
-220 -30 0
230 229 228 227 226 225 224 223 222 221 0
-221 -222 0
-221 -223 0
-221 -224 0
-221 -225 0
-221 -226 0
-221 -227 0
-221 -228 0
-221 -229 0
-221 -230 0
-222 -223 0
-222 -224 0
-222 -225 0
-222 -226 0
-222 -227 0
-222 -228 0
-222 -229 0
-222 -230 0
-223 -224 0
-223 -225 0
-223 -226 0
-223 -227 0
-223 -228 0
-223 -229 0
-223 -230 0
-224 -225 0
-224 -226 0
-224 -227 0
-224 -228 0
-224 -229 0
-224 -230 0
-225 -226 0
-225 -227 0
-225 -228 0
-225 -229 0
-225 -230 0
-226 -227 0
-226 -228 0
-226 -229 0
-226 -230 0
-227 -228 0
-227 -229 0
-227 -230 0
-228 -229 0
-228 -230 0
-229 -230 0
-221 -1 0
-222 -2 0
-223 -3 0
-224 -4 0
-225 -5 0
-226 -6 0
-227 -7 0
-228 -8 0
-229 -9 0
-230 -10 0
-221 -61 0
-222 -62 0
-223 -63 0
-224 -64 0
-225 -65 0
-226 -66 0
-227 -67 0
-228 -68 0
-229 -69 0
-230 -70 0
-221 -81 0
-222 -82 0
-223 -83 0
-224 -84 0
-225 -85 0
-226 -86 0
-227 -87 0
-228 -88 0
-229 -89 0
-230 -90 0
-221 -71 0
-222 -72 0
-223 -73 0
-224 -74 0
-225 -75 0
-226 -76 0
-227 -77 0
-228 -78 0
-229 -79 0
-230 -80 0
-221 -11 0
-222 -12 0
-223 -13 0
-224 -14 0
-225 -15 0
-226 -16 0
-227 -17 0
-228 -18 0
-229 -19 0
-230 -20 0
-221 -231 0
-222 -232 0
-223 -233 0
-224 -234 0
-225 -235 0
-226 -236 0
-227 -237 0
-228 -238 0
-229 -239 0
-230 -240 0
-221 -241 0
-222 -242 0
-223 -243 0
-224 -244 0
-225 -245 0
-226 -246 0
-227 -247 0
-228 -248 0
-229 -249 0
-230 -250 0
-221 -251 0
-222 -252 0
-223 -253 0
-224 -254 0
-225 -255 0
-226 -256 0
-227 -257 0
-228 -258 0
-229 -259 0
-230 -260 0
-221 -261 0
-222 -262 0
-223 -263 0
-224 -264 0
-225 -265 0
-226 -266 0
-227 -267 0
-228 -268 0
-229 -269 0
-230 -270 0
-221 -271 0
-222 -272 0
-223 -273 0
-224 -274 0
-225 -275 0
-226 -276 0
-227 -277 0
-228 -278 0
-229 -279 0
-230 -280 0
-221 -301 0
-222 -302 0
-223 -303 0
-224 -304 0
-225 -305 0
-226 -306 0
-227 -307 0
-228 -308 0
-229 -309 0
-230 -310 0
-221 -291 0
-222 -292 0
-223 -293 0
-224 -294 0
-225 -295 0
-226 -296 0
-227 -297 0
-228 -298 0
-229 -299 0
-230 -300 0
-221 -281 0
-222 -282 0
-223 -283 0
-224 -284 0
-225 -285 0
-226 -286 0
-227 -287 0
-228 -288 0
-229 -289 0
-230 -290 0
-221 -311 0
-222 -312 0
-223 -313 0
-224 -314 0
-225 -315 0
-226 -316 0
-227 -317 0
-228 -318 0
-229 -319 0
-230 -320 0
-221 -321 0
-222 -322 0
-223 -323 0
-224 -324 0
-225 -325 0
-226 -326 0
-227 -327 0
-228 -328 0
-229 -329 0
-230 -330 0
240 239 238 237 236 235 234 233 232 231 0
-231 -232 0
-231 -233 0
-231 -234 0
-231 -235 0
-231 -236 0
-231 -237 0
-231 -238 0
-231 -239 0
-231 -240 0
-232 -233 0
-232 -234 0
-232 -235 0
-232 -236 0
-232 -237 0
-232 -238 0
-232 -239 0
-232 -240 0
-233 -234 0
-233 -235 0
-233 -236 0
-233 -237 0
-233 -238 0
-233 -239 0
-233 -240 0
-234 -235 0
-234 -236 0
-234 -237 0
-234 -238 0
-234 -239 0
-234 -240 0
-235 -236 0
-235 -237 0
-235 -238 0
-235 -239 0
-235 -240 0
-236 -237 0
-236 -238 0
-236 -239 0
-236 -240 0
-237 -238 0
-237 -239 0
-237 -240 0
-238 -239 0
-238 -240 0
-239 -240 0
-231 -1 0
-232 -2 0
-233 -3 0
-234 -4 0
-235 -5 0
-236 -6 0
-237 -7 0
-238 -8 0
-239 -9 0
-240 -10 0
-231 -221 0
-232 -222 0
-233 -223 0
-234 -224 0
-235 -225 0
-236 -226 0
-237 -227 0
-238 -228 0
-239 -229 0
-240 -230 0
-231 -81 0
-232 -82 0
-233 -83 0
-234 -84 0
-235 -85 0
-236 -86 0
-237 -87 0
-238 -88 0
-239 -89 0
-240 -90 0
-231 -71 0
-232 -72 0
-233 -73 0
-234 -74 0
-235 -75 0
-236 -76 0
-237 -77 0
-238 -78 0
-239 -79 0
-240 -80 0
-231 -61 0
-232 -62 0
-233 -63 0
-234 -64 0
-235 -65 0
-236 -66 0
-237 -67 0
-238 -68 0
-239 -69 0
-240 -70 0
-231 -241 0
-232 -242 0
-233 -243 0
-234 -244 0
-235 -245 0
-236 -246 0
-237 -247 0
-238 -248 0
-239 -249 0
-240 -250 0
-231 -251 0
-232 -252 0
-233 -253 0
-234 -254 0
-235 -255 0
-236 -256 0
-237 -257 0
-238 -258 0
-239 -259 0
-240 -260 0
-231 -261 0
-232 -262 0
-233 -263 0
-234 -264 0
-235 -265 0
-236 -266 0
-237 -267 0
-238 -268 0
-239 -269 0
-240 -270 0
-231 -271 0
-232 -272 0
-233 -273 0
-234 -274 0
-235 -275 0
-236 -276 0
-237 -277 0
-238 -278 0
-239 -279 0
-240 -280 0
-231 -301 0
-232 -302 0
-233 -303 0
-234 -304 0
-235 -305 0
-236 -306 0
-237 -307 0
-238 -308 0
-239 -309 0
-240 -310 0
-231 -291 0
-232 -292 0
-233 -293 0
-234 -294 0
-235 -295 0
-236 -296 0
-237 -297 0
-238 -298 0
-239 -299 0
-240 -300 0
-231 -281 0
-232 -282 0
-233 -283 0
-234 -284 0
-235 -285 0
-236 -286 0
-237 -287 0
-238 -288 0
-239 -289 0
-240 -290 0
-231 -311 0
-232 -312 0
-233 -313 0
-234 -314 0
-235 -315 0
-236 -316 0
-237 -317 0
-238 -318 0
-239 -319 0
-240 -320 0
250 249 248 247 246 245 244 243 242 241 0
-241 -242 0
-241 -243 0
-241 -244 0
-241 -245 0
-241 -246 0
-241 -247 0
-241 -248 0
-241 -249 0
-241 -250 0
-242 -243 0
-242 -244 0
-242 -245 0
-242 -246 0
-242 -247 0
-242 -248 0
-242 -249 0
-242 -250 0
-243 -244 0
-243 -245 0
-243 -246 0
-243 -247 0
-243 -248 0
-243 -249 0
-243 -250 0
-244 -245 0
-244 -246 0
-244 -247 0
-244 -248 0
-244 -249 0
-244 -250 0
-245 -246 0
-245 -247 0
-245 -248 0
-245 -249 0
-245 -250 0
-246 -247 0
-246 -248 0
-246 -249 0
-246 -250 0
-247 -248 0
-247 -249 0
-247 -250 0
-248 -249 0
-248 -250 0
-249 -250 0
-241 -1 0
-242 -2 0
-243 -3 0
-244 -4 0
-245 -5 0
-246 -6 0
-247 -7 0
-248 -8 0
-249 -9 0
-250 -10 0
-241 -231 0
-242 -232 0
-243 -233 0
-244 -234 0
-245 -235 0
-246 -236 0
-247 -237 0
-248 -238 0
-249 -239 0
-250 -240 0
-241 -221 0
-242 -222 0
-243 -223 0
-244 -224 0
-245 -225 0
-246 -226 0
-247 -227 0
-248 -228 0
-249 -229 0
-250 -230 0
-241 -81 0
-242 -82 0
-243 -83 0
-244 -84 0
-245 -85 0
-246 -86 0
-247 -87 0
-248 -88 0
-249 -89 0
-250 -90 0
-241 -71 0
-242 -72 0
-243 -73 0
-244 -74 0
-245 -75 0
-246 -76 0
-247 -77 0
-248 -78 0
-249 -79 0
-250 -80 0
-241 -251 0
-242 -252 0
-243 -253 0
-244 -254 0
-245 -255 0
-246 -256 0
-247 -257 0
-248 -258 0
-249 -259 0
-250 -260 0
-241 -261 0
-242 -262 0
-243 -263 0
-244 -264 0
-245 -265 0
-246 -266 0
-247 -267 0
-248 -268 0
-249 -269 0
-250 -270 0
-241 -271 0
-242 -272 0
-243 -273 0
-244 -274 0
-245 -275 0
-246 -276 0
-247 -277 0
-248 -278 0
-249 -279 0
-250 -280 0
-241 -301 0
-242 -302 0
-243 -303 0
-244 -304 0
-245 -305 0
-246 -306 0
-247 -307 0
-248 -308 0
-249 -309 0
-250 -310 0
-241 -291 0
-242 -292 0
-243 -293 0
-244 -294 0
-245 -295 0
-246 -296 0
-247 -297 0
-248 -298 0
-249 -299 0
-250 -300 0
-241 -281 0
-242 -282 0
-243 -283 0
-244 -284 0
-245 -285 0
-246 -286 0
-247 -287 0
-248 -288 0
-249 -289 0
-250 -290 0
-241 -311 0
-242 -312 0
-243 -313 0
-244 -314 0
-245 -315 0
-246 -316 0
-247 -317 0
-248 -318 0
-249 -319 0
-250 -320 0
260 259 258 257 256 255 254 253 252 251 0
-251 -252 0
-251 -253 0
-251 -254 0
-251 -255 0
-251 -256 0
-251 -257 0
-251 -258 0
-251 -259 0
-251 -260 0
-252 -253 0
-252 -254 0
-252 -255 0
-252 -256 0
-252 -257 0
-252 -258 0
-252 -259 0
-252 -260 0
-253 -254 0
-253 -255 0
-253 -256 0
-253 -257 0
-253 -258 0
-253 -259 0
-253 -260 0
-254 -255 0
-254 -256 0
-254 -257 0
-254 -258 0
-254 -259 0
-254 -260 0
-255 -256 0
-255 -257 0
-255 -258 0
-255 -259 0
-255 -260 0
-256 -257 0
-256 -258 0
-256 -259 0
-256 -260 0
-257 -258 0
-257 -259 0
-257 -260 0
-258 -259 0
-258 -260 0
-259 -260 0
-251 -1 0
-252 -2 0
-253 -3 0
-254 -4 0
-255 -5 0
-256 -6 0
-257 -7 0
-258 -8 0
-259 -9 0
-260 -10 0
-251 -231 0
-252 -232 0
-253 -233 0
-254 -234 0
-255 -235 0
-256 -236 0
-257 -237 0
-258 -238 0
-259 -239 0
-260 -240 0
-251 -221 0
-252 -222 0
-253 -223 0
-254 -224 0
-255 -225 0
-256 -226 0
-257 -227 0
-258 -228 0
-259 -229 0
-260 -230 0
-251 -241 0
-252 -242 0
-253 -243 0
-254 -244 0
-255 -245 0
-256 -246 0
-257 -247 0
-258 -248 0
-259 -249 0
-260 -250 0
-251 -81 0
-252 -82 0
-253 -83 0
-254 -84 0
-255 -85 0
-256 -86 0
-257 -87 0
-258 -88 0
-259 -89 0
-260 -90 0
-251 -261 0
-252 -262 0
-253 -263 0
-254 -264 0
-255 -265 0
-256 -266 0
-257 -267 0
-258 -268 0
-259 -269 0
-260 -270 0
-251 -271 0
-252 -272 0
-253 -273 0
-254 -274 0
-255 -275 0
-256 -276 0
-257 -277 0
-258 -278 0
-259 -279 0
-260 -280 0
-251 -301 0
-252 -302 0
-253 -303 0
-254 -304 0
-255 -305 0
-256 -306 0
-257 -307 0
-258 -308 0
-259 -309 0
-260 -310 0
-251 -291 0
-252 -292 0
-253 -293 0
-254 -294 0
-255 -295 0
-256 -296 0
-257 -297 0
-258 -298 0
-259 -299 0
-260 -300 0
-251 -281 0
-252 -282 0
-253 -283 0
-254 -284 0
-255 -285 0
-256 -286 0
-257 -287 0
-258 -288 0
-259 -289 0
-260 -290 0
-251 -311 0
-252 -312 0
-253 -313 0
-254 -314 0
-255 -315 0
-256 -316 0
-257 -317 0
-258 -318 0
-259 -319 0
-260 -320 0
-251 -321 0
-252 -322 0
-253 -323 0
-254 -324 0
-255 -325 0
-256 -326 0
-257 -327 0
-258 -328 0
-259 -329 0
-260 -330 0
-251 -331 0
-252 -332 0
-253 -333 0
-254 -334 0
-255 -335 0
-256 -336 0
-257 -337 0
-258 -338 0
-259 -339 0
-260 -340 0
-251 -341 0
-252 -342 0
-253 -343 0
-254 -344 0
-255 -345 0
-256 -346 0
-257 -347 0
-258 -348 0
-259 -349 0
-260 -350 0
-251 -31 0
-252 -32 0
-253 -33 0
-254 -34 0
-255 -35 0
-256 -36 0
-257 -37 0
-258 -38 0
-259 -39 0
-260 -40 0
-251 -21 0
-252 -22 0
-253 -23 0
-254 -24 0
-255 -25 0
-256 -26 0
-257 -27 0
-258 -28 0
-259 -29 0
-260 -30 0
-251 -61 0
-252 -62 0
-253 -63 0
-254 -64 0
-255 -65 0
-256 -66 0
-257 -67 0
-258 -68 0
-259 -69 0
-260 -70 0
270 269 268 267 266 265 264 263 262 261 0
-261 -262 0
-261 -263 0
-261 -264 0
-261 -265 0
-261 -266 0
-261 -267 0
-261 -268 0
-261 -269 0
-261 -270 0
-262 -263 0
-262 -264 0
-262 -265 0
-262 -266 0
-262 -267 0
-262 -268 0
-262 -269 0
-262 -270 0
-263 -264 0
-263 -265 0
-263 -266 0
-263 -267 0
-263 -268 0
-263 -269 0
-263 -270 0
-264 -265 0
-264 -266 0
-264 -267 0
-264 -268 0
-264 -269 0
-264 -270 0
-265 -266 0
-265 -267 0
-265 -268 0
-265 -269 0
-265 -270 0
-266 -267 0
-266 -268 0
-266 -269 0
-266 -270 0
-267 -268 0
-267 -269 0
-267 -270 0
-268 -269 0
-268 -270 0
-269 -270 0
-261 -231 0
-262 -232 0
-263 -233 0
-264 -234 0
-265 -235 0
-266 -236 0
-267 -237 0
-268 -238 0
-269 -239 0
-270 -240 0
-261 -221 0
-262 -222 0
-263 -223 0
-264 -224 0
-265 -225 0
-266 -226 0
-267 -227 0
-268 -228 0
-269 -229 0
-270 -230 0
-261 -251 0
-262 -252 0
-263 -253 0
-264 -254 0
-265 -255 0
-266 -256 0
-267 -257 0
-268 -258 0
-269 -259 0
-270 -260 0
-261 -241 0
-262 -242 0
-263 -243 0
-264 -244 0
-265 -245 0
-266 -246 0
-267 -247 0
-268 -248 0
-269 -249 0
-270 -250 0
-261 -1 0
-262 -2 0
-263 -3 0
-264 -4 0
-265 -5 0
-266 -6 0
-267 -7 0
-268 -8 0
-269 -9 0
-270 -10 0
-261 -271 0
-262 -272 0
-263 -273 0
-264 -274 0
-265 -275 0
-266 -276 0
-267 -277 0
-268 -278 0
-269 -279 0
-270 -280 0
-261 -301 0
-262 -302 0
-263 -303 0
-264 -304 0
-265 -305 0
-266 -306 0
-267 -307 0
-268 -308 0
-269 -309 0
-270 -310 0
-261 -291 0
-262 -292 0
-263 -293 0
-264 -294 0
-265 -295 0
-266 -296 0
-267 -297 0
-268 -298 0
-269 -299 0
-270 -300 0
-261 -281 0
-262 -282 0
-263 -283 0
-264 -284 0
-265 -285 0
-266 -286 0
-267 -287 0
-268 -288 0
-269 -289 0
-270 -290 0
-261 -311 0
-262 -312 0
-263 -313 0
-264 -314 0
-265 -315 0
-266 -316 0
-267 -317 0
-268 -318 0
-269 -319 0
-270 -320 0
-261 -321 0
-262 -322 0
-263 -323 0
-264 -324 0
-265 -325 0
-266 -326 0
-267 -327 0
-268 -328 0
-269 -329 0
-270 -330 0
-261 -331 0
-262 -332 0
-263 -333 0
-264 -334 0
-265 -335 0
-266 -336 0
-267 -337 0
-268 -338 0
-269 -339 0
-270 -340 0
-261 -341 0
-262 -342 0
-263 -343 0
-264 -344 0
-265 -345 0
-266 -346 0
-267 -347 0
-268 -348 0
-269 -349 0
-270 -350 0
-261 -31 0
-262 -32 0
-263 -33 0
-264 -34 0
-265 -35 0
-266 -36 0
-267 -37 0
-268 -38 0
-269 -39 0
-270 -40 0
-261 -21 0
-262 -22 0
-263 -23 0
-264 -24 0
-265 -25 0
-266 -26 0
-267 -27 0
-268 -28 0
-269 -29 0
-270 -30 0
-261 -61 0
-262 -62 0
-263 -63 0
-264 -64 0
-265 -65 0
-266 -66 0
-267 -67 0
-268 -68 0
-269 -69 0
-270 -70 0
-261 -71 0
-262 -72 0
-263 -73 0
-264 -74 0
-265 -75 0
-266 -76 0
-267 -77 0
-268 -78 0
-269 -79 0
-270 -80 0
280 279 278 277 276 275 274 273 272 271 0
-271 -272 0
-271 -273 0
-271 -274 0
-271 -275 0
-271 -276 0
-271 -277 0
-271 -278 0
-271 -279 0
-271 -280 0
-272 -273 0
-272 -274 0
-272 -275 0
-272 -276 0
-272 -277 0
-272 -278 0
-272 -279 0
-272 -280 0
-273 -274 0
-273 -275 0
-273 -276 0
-273 -277 0
-273 -278 0
-273 -279 0
-273 -280 0
-274 -275 0
-274 -276 0
-274 -277 0
-274 -278 0
-274 -279 0
-274 -280 0
-275 -276 0
-275 -277 0
-275 -278 0
-275 -279 0
-275 -280 0
-276 -277 0
-276 -278 0
-276 -279 0
-276 -280 0
-277 -278 0
-277 -279 0
-277 -280 0
-278 -279 0
-278 -280 0
-279 -280 0
-271 -261 0
-272 -262 0
-273 -263 0
-274 -264 0
-275 -265 0
-276 -266 0
-277 -267 0
-278 -268 0
-279 -269 0
-280 -270 0
-271 -221 0
-272 -222 0
-273 -223 0
-274 -224 0
-275 -225 0
-276 -226 0
-277 -227 0
-278 -228 0
-279 -229 0
-280 -230 0
-271 -251 0
-272 -252 0
-273 -253 0
-274 -254 0
-275 -255 0
-276 -256 0
-277 -257 0
-278 -258 0
-279 -259 0
-280 -260 0
-271 -241 0
-272 -242 0
-273 -243 0
-274 -244 0
-275 -245 0
-276 -246 0
-277 -247 0
-278 -248 0
-279 -249 0
-280 -250 0
-271 -231 0
-272 -232 0
-273 -233 0
-274 -234 0
-275 -235 0
-276 -236 0
-277 -237 0
-278 -238 0
-279 -239 0
-280 -240 0
-271 -301 0
-272 -302 0
-273 -303 0
-274 -304 0
-275 -305 0
-276 -306 0
-277 -307 0
-278 -308 0
-279 -309 0
-280 -310 0
-271 -291 0
-272 -292 0
-273 -293 0
-274 -294 0
-275 -295 0
-276 -296 0
-277 -297 0
-278 -298 0
-279 -299 0
-280 -300 0
-271 -281 0
-272 -282 0
-273 -283 0
-274 -284 0
-275 -285 0
-276 -286 0
-277 -287 0
-278 -288 0
-279 -289 0
-280 -290 0
-271 -311 0
-272 -312 0
-273 -313 0
-274 -314 0
-275 -315 0
-276 -316 0
-277 -317 0
-278 -318 0
-279 -319 0
-280 -320 0
290 289 288 287 286 285 284 283 282 281 0
-281 -282 0
-281 -283 0
-281 -284 0
-281 -285 0
-281 -286 0
-281 -287 0
-281 -288 0
-281 -289 0
-281 -290 0
-282 -283 0
-282 -284 0
-282 -285 0
-282 -286 0
-282 -287 0
-282 -288 0
-282 -289 0
-282 -290 0
-283 -284 0
-283 -285 0
-283 -286 0
-283 -287 0
-283 -288 0
-283 -289 0
-283 -290 0
-284 -285 0
-284 -286 0
-284 -287 0
-284 -288 0
-284 -289 0
-284 -290 0
-285 -286 0
-285 -287 0
-285 -288 0
-285 -289 0
-285 -290 0
-286 -287 0
-286 -288 0
-286 -289 0
-286 -290 0
-287 -288 0
-287 -289 0
-287 -290 0
-288 -289 0
-288 -290 0
-289 -290 0
-281 -261 0
-282 -262 0
-283 -263 0
-284 -264 0
-285 -265 0
-286 -266 0
-287 -267 0
-288 -268 0
-289 -269 0
-290 -270 0
-281 -221 0
-282 -222 0
-283 -223 0
-284 -224 0
-285 -225 0
-286 -226 0
-287 -227 0
-288 -228 0
-289 -229 0
-290 -230 0
-281 -251 0
-282 -252 0
-283 -253 0
-284 -254 0
-285 -255 0
-286 -256 0
-287 -257 0
-288 -258 0
-289 -259 0
-290 -260 0
-281 -241 0
-282 -242 0
-283 -243 0
-284 -244 0
-285 -245 0
-286 -246 0
-287 -247 0
-288 -248 0
-289 -249 0
-290 -250 0
-281 -231 0
-282 -232 0
-283 -233 0
-284 -234 0
-285 -235 0
-286 -236 0
-287 -237 0
-288 -238 0
-289 -239 0
-290 -240 0
-281 -271 0
-282 -272 0
-283 -273 0
-284 -274 0
-285 -275 0
-286 -276 0
-287 -277 0
-288 -278 0
-289 -279 0
-290 -280 0
-281 -311 0
-282 -312 0
-283 -313 0
-284 -314 0
-285 -315 0
-286 -316 0
-287 -317 0
-288 -318 0
-289 -319 0
-290 -320 0
-281 -321 0
-282 -322 0
-283 -323 0
-284 -324 0
-285 -325 0
-286 -326 0
-287 -327 0
-288 -328 0
-289 -329 0
-290 -330 0
-281 -331 0
-282 -332 0
-283 -333 0
-284 -334 0
-285 -335 0
-286 -336 0
-287 -337 0
-288 -338 0
-289 -339 0
-290 -340 0
-281 -341 0
-282 -342 0
-283 -343 0
-284 -344 0
-285 -345 0
-286 -346 0
-287 -347 0
-288 -348 0
-289 -349 0
-290 -350 0
-281 -31 0
-282 -32 0
-283 -33 0
-284 -34 0
-285 -35 0
-286 -36 0
-287 -37 0
-288 -38 0
-289 -39 0
-290 -40 0
-281 -21 0
-282 -22 0
-283 -23 0
-284 -24 0
-285 -25 0
-286 -26 0
-287 -27 0
-288 -28 0
-289 -29 0
-290 -30 0
-281 -61 0
-282 -62 0
-283 -63 0
-284 -64 0
-285 -65 0
-286 -66 0
-287 -67 0
-288 -68 0
-289 -69 0
-290 -70 0
-281 -71 0
-282 -72 0
-283 -73 0
-284 -74 0
-285 -75 0
-286 -76 0
-287 -77 0
-288 -78 0
-289 -79 0
-290 -80 0
-281 -81 0
-282 -82 0
-283 -83 0
-284 -84 0
-285 -85 0
-286 -86 0
-287 -87 0
-288 -88 0
-289 -89 0
-290 -90 0
300 299 298 297 296 295 294 293 292 291 0
-291 -292 0
-291 -293 0
-291 -294 0
-291 -295 0
-291 -296 0
-291 -297 0
-291 -298 0
-291 -299 0
-291 -300 0
-292 -293 0
-292 -294 0
-292 -295 0
-292 -296 0
-292 -297 0
-292 -298 0
-292 -299 0
-292 -300 0
-293 -294 0
-293 -295 0
-293 -296 0
-293 -297 0
-293 -298 0
-293 -299 0
-293 -300 0
-294 -295 0
-294 -296 0
-294 -297 0
-294 -298 0
-294 -299 0
-294 -300 0
-295 -296 0
-295 -297 0
-295 -298 0
-295 -299 0
-295 -300 0
-296 -297 0
-296 -298 0
-296 -299 0
-296 -300 0
-297 -298 0
-297 -299 0
-297 -300 0
-298 -299 0
-298 -300 0
-299 -300 0
-291 -261 0
-292 -262 0
-293 -263 0
-294 -264 0
-295 -265 0
-296 -266 0
-297 -267 0
-298 -268 0
-299 -269 0
-300 -270 0
-291 -271 0
-292 -272 0
-293 -273 0
-294 -274 0
-295 -275 0
-296 -276 0
-297 -277 0
-298 -278 0
-299 -279 0
-300 -280 0
-291 -221 0
-292 -222 0
-293 -223 0
-294 -224 0
-295 -225 0
-296 -226 0
-297 -227 0
-298 -228 0
-299 -229 0
-300 -230 0
-291 -251 0
-292 -252 0
-293 -253 0
-294 -254 0
-295 -255 0
-296 -256 0
-297 -257 0
-298 -258 0
-299 -259 0
-300 -260 0
-291 -241 0
-292 -242 0
-293 -243 0
-294 -244 0
-295 -245 0
-296 -246 0
-297 -247 0
-298 -248 0
-299 -249 0
-300 -250 0
-291 -231 0
-292 -232 0
-293 -233 0
-294 -234 0
-295 -235 0
-296 -236 0
-297 -237 0
-298 -238 0
-299 -239 0
-300 -240 0
310 309 308 307 306 305 304 303 302 301 0
-301 -302 0
-301 -303 0
-301 -304 0
-301 -305 0
-301 -306 0
-301 -307 0
-301 -308 0
-301 -309 0
-301 -310 0
-302 -303 0
-302 -304 0
-302 -305 0
-302 -306 0
-302 -307 0
-302 -308 0
-302 -309 0
-302 -310 0
-303 -304 0
-303 -305 0
-303 -306 0
-303 -307 0
-303 -308 0
-303 -309 0
-303 -310 0
-304 -305 0
-304 -306 0
-304 -307 0
-304 -308 0
-304 -309 0
-304 -310 0
-305 -306 0
-305 -307 0
-305 -308 0
-305 -309 0
-305 -310 0
-306 -307 0
-306 -308 0
-306 -309 0
-306 -310 0
-307 -308 0
-307 -309 0
-307 -310 0
-308 -309 0
-308 -310 0
-309 -310 0
-301 -261 0
-302 -262 0
-303 -263 0
-304 -264 0
-305 -265 0
-306 -266 0
-307 -267 0
-308 -268 0
-309 -269 0
-310 -270 0
-301 -271 0
-302 -272 0
-303 -273 0
-304 -274 0
-305 -275 0
-306 -276 0
-307 -277 0
-308 -278 0
-309 -279 0
-310 -280 0
-301 -221 0
-302 -222 0
-303 -223 0
-304 -224 0
-305 -225 0
-306 -226 0
-307 -227 0
-308 -228 0
-309 -229 0
-310 -230 0
-301 -251 0
-302 -252 0
-303 -253 0
-304 -254 0
-305 -255 0
-306 -256 0
-307 -257 0
-308 -258 0
-309 -259 0
-310 -260 0
-301 -241 0
-302 -242 0
-303 -243 0
-304 -244 0
-305 -245 0
-306 -246 0
-307 -247 0
-308 -248 0
-309 -249 0
-310 -250 0
-301 -231 0
-302 -232 0
-303 -233 0
-304 -234 0
-305 -235 0
-306 -236 0
-307 -237 0
-308 -238 0
-309 -239 0
-310 -240 0
320 319 318 317 316 315 314 313 312 311 0
-311 -312 0
-311 -313 0
-311 -314 0
-311 -315 0
-311 -316 0
-311 -317 0
-311 -318 0
-311 -319 0
-311 -320 0
-312 -313 0
-312 -314 0
-312 -315 0
-312 -316 0
-312 -317 0
-312 -318 0
-312 -319 0
-312 -320 0
-313 -314 0
-313 -315 0
-313 -316 0
-313 -317 0
-313 -318 0
-313 -319 0
-313 -320 0
-314 -315 0
-314 -316 0
-314 -317 0
-314 -318 0
-314 -319 0
-314 -320 0
-315 -316 0
-315 -317 0
-315 -318 0
-315 -319 0
-315 -320 0
-316 -317 0
-316 -318 0
-316 -319 0
-316 -320 0
-317 -318 0
-317 -319 0
-317 -320 0
-318 -319 0
-318 -320 0
-319 -320 0
-311 -261 0
-312 -262 0
-313 -263 0
-314 -264 0
-315 -265 0
-316 -266 0
-317 -267 0
-318 -268 0
-319 -269 0
-320 -270 0
-311 -281 0
-312 -282 0
-313 -283 0
-314 -284 0
-315 -285 0
-316 -286 0
-317 -287 0
-318 -288 0
-319 -289 0
-320 -290 0
-311 -221 0
-312 -222 0
-313 -223 0
-314 -224 0
-315 -225 0
-316 -226 0
-317 -227 0
-318 -228 0
-319 -229 0
-320 -230 0
-311 -251 0
-312 -252 0
-313 -253 0
-314 -254 0
-315 -255 0
-316 -256 0
-317 -257 0
-318 -258 0
-319 -259 0
-320 -260 0
-311 -241 0
-312 -242 0
-313 -243 0
-314 -244 0
-315 -245 0
-316 -246 0
-317 -247 0
-318 -248 0
-319 -249 0
-320 -250 0
-311 -231 0
-312 -232 0
-313 -233 0
-314 -234 0
-315 -235 0
-316 -236 0
-317 -237 0
-318 -238 0
-319 -239 0
-320 -240 0
-311 -271 0
-312 -272 0
-313 -273 0
-314 -274 0
-315 -275 0
-316 -276 0
-317 -277 0
-318 -278 0
-319 -279 0
-320 -280 0
330 329 328 327 326 325 324 323 322 321 0
-321 -322 0
-321 -323 0
-321 -324 0
-321 -325 0
-321 -326 0
-321 -327 0
-321 -328 0
-321 -329 0
-321 -330 0
-322 -323 0
-322 -324 0
-322 -325 0
-322 -326 0
-322 -327 0
-322 -328 0
-322 -329 0
-322 -330 0
-323 -324 0
-323 -325 0
-323 -326 0
-323 -327 0
-323 -328 0
-323 -329 0
-323 -330 0
-324 -325 0
-324 -326 0
-324 -327 0
-324 -328 0
-324 -329 0
-324 -330 0
-325 -326 0
-325 -327 0
-325 -328 0
-325 -329 0
-325 -330 0
-326 -327 0
-326 -328 0
-326 -329 0
-326 -330 0
-327 -328 0
-327 -329 0
-327 -330 0
-328 -329 0
-328 -330 0
-329 -330 0
-321 -261 0
-322 -262 0
-323 -263 0
-324 -264 0
-325 -265 0
-326 -266 0
-327 -267 0
-328 -268 0
-329 -269 0
-330 -270 0
-321 -281 0
-322 -282 0
-323 -283 0
-324 -284 0
-325 -285 0
-326 -286 0
-327 -287 0
-328 -288 0
-329 -289 0
-330 -290 0
-321 -251 0
-322 -252 0
-323 -253 0
-324 -254 0
-325 -255 0
-326 -256 0
-327 -257 0
-328 -258 0
-329 -259 0
-330 -260 0
-321 -221 0
-322 -222 0
-323 -223 0
-324 -224 0
-325 -225 0
-326 -226 0
-327 -227 0
-328 -228 0
-329 -229 0
-330 -230 0
-321 -331 0
-322 -332 0
-323 -333 0
-324 -334 0
-325 -335 0
-326 -336 0
-327 -337 0
-328 -338 0
-329 -339 0
-330 -340 0
-321 -341 0
-322 -342 0
-323 -343 0
-324 -344 0
-325 -345 0
-326 -346 0
-327 -347 0
-328 -348 0
-329 -349 0
-330 -350 0
-321 -31 0
-322 -32 0
-323 -33 0
-324 -34 0
-325 -35 0
-326 -36 0
-327 -37 0
-328 -38 0
-329 -39 0
-330 -40 0
-321 -21 0
-322 -22 0
-323 -23 0
-324 -24 0
-325 -25 0
-326 -26 0
-327 -27 0
-328 -28 0
-329 -29 0
-330 -30 0
340 339 338 337 336 335 334 333 332 331 0
-331 -332 0
-331 -333 0
-331 -334 0
-331 -335 0
-331 -336 0
-331 -337 0
-331 -338 0
-331 -339 0
-331 -340 0
-332 -333 0
-332 -334 0
-332 -335 0
-332 -336 0
-332 -337 0
-332 -338 0
-332 -339 0
-332 -340 0
-333 -334 0
-333 -335 0
-333 -336 0
-333 -337 0
-333 -338 0
-333 -339 0
-333 -340 0
-334 -335 0
-334 -336 0
-334 -337 0
-334 -338 0
-334 -339 0
-334 -340 0
-335 -336 0
-335 -337 0
-335 -338 0
-335 -339 0
-335 -340 0
-336 -337 0
-336 -338 0
-336 -339 0
-336 -340 0
-337 -338 0
-337 -339 0
-337 -340 0
-338 -339 0
-338 -340 0
-339 -340 0
-331 -261 0
-332 -262 0
-333 -263 0
-334 -264 0
-335 -265 0
-336 -266 0
-337 -267 0
-338 -268 0
-339 -269 0
-340 -270 0
-331 -281 0
-332 -282 0
-333 -283 0
-334 -284 0
-335 -285 0
-336 -286 0
-337 -287 0
-338 -288 0
-339 -289 0
-340 -290 0
-331 -321 0
-332 -322 0
-333 -323 0
-334 -324 0
-335 -325 0
-336 -326 0
-337 -327 0
-338 -328 0
-339 -329 0
-340 -330 0
-331 -251 0
-332 -252 0
-333 -253 0
-334 -254 0
-335 -255 0
-336 -256 0
-337 -257 0
-338 -258 0
-339 -259 0
-340 -260 0
-331 -341 0
-332 -342 0
-333 -343 0
-334 -344 0
-335 -345 0
-336 -346 0
-337 -347 0
-338 -348 0
-339 -349 0
-340 -350 0
-331 -31 0
-332 -32 0
-333 -33 0
-334 -34 0
-335 -35 0
-336 -36 0
-337 -37 0
-338 -38 0
-339 -39 0
-340 -40 0
350 349 348 347 346 345 344 343 342 341 0
-341 -342 0
-341 -343 0
-341 -344 0
-341 -345 0
-341 -346 0
-341 -347 0
-341 -348 0
-341 -349 0
-341 -350 0
-342 -343 0
-342 -344 0
-342 -345 0
-342 -346 0
-342 -347 0
-342 -348 0
-342 -349 0
-342 -350 0
-343 -344 0
-343 -345 0
-343 -346 0
-343 -347 0
-343 -348 0
-343 -349 0
-343 -350 0
-344 -345 0
-344 -346 0
-344 -347 0
-344 -348 0
-344 -349 0
-344 -350 0
-345 -346 0
-345 -347 0
-345 -348 0
-345 -349 0
-345 -350 0
-346 -347 0
-346 -348 0
-346 -349 0
-346 -350 0
-347 -348 0
-347 -349 0
-347 -350 0
-348 -349 0
-348 -350 0
-349 -350 0
-341 -261 0
-342 -262 0
-343 -263 0
-344 -264 0
-345 -265 0
-346 -266 0
-347 -267 0
-348 -268 0
-349 -269 0
-350 -270 0
-341 -281 0
-342 -282 0
-343 -283 0
-344 -284 0
-345 -285 0
-346 -286 0
-347 -287 0
-348 -288 0
-349 -289 0
-350 -290 0
-341 -321 0
-342 -322 0
-343 -323 0
-344 -324 0
-345 -325 0
-346 -326 0
-347 -327 0
-348 -328 0
-349 -329 0
-350 -330 0
-341 -331 0
-342 -332 0
-343 -333 0
-344 -334 0
-345 -335 0
-346 -336 0
-347 -337 0
-348 -338 0
-349 -339 0
-350 -340 0
-341 -251 0
-342 -252 0
-343 -253 0
-344 -254 0
-345 -255 0
-346 -256 0
-347 -257 0
-348 -258 0
-349 -259 0
-350 -260 0
1 0
12 0
