c Graph Colouring to DIMACS
p cnf 400 3582
10 9 8 7 6 5 4 3 2 1 0
-1 -2 0
-1 -3 0
-1 -4 0
-1 -5 0
-1 -6 0
-1 -7 0
-1 -8 0
-1 -9 0
-1 -10 0
-2 -3 0
-2 -4 0
-2 -5 0
-2 -6 0
-2 -7 0
-2 -8 0
-2 -9 0
-2 -10 0
-3 -4 0
-3 -5 0
-3 -6 0
-3 -7 0
-3 -8 0
-3 -9 0
-3 -10 0
-4 -5 0
-4 -6 0
-4 -7 0
-4 -8 0
-4 -9 0
-4 -10 0
-5 -6 0
-5 -7 0
-5 -8 0
-5 -9 0
-5 -10 0
-6 -7 0
-6 -8 0
-6 -9 0
-6 -10 0
-7 -8 0
-7 -9 0
-7 -10 0
-8 -9 0
-8 -10 0
-9 -10 0
-1 -141 0
-2 -142 0
-3 -143 0
-4 -144 0
-5 -145 0
-6 -146 0
-7 -147 0
-8 -148 0
-9 -149 0
-10 -150 0
-1 -231 0
-2 -232 0
-3 -233 0
-4 -234 0
-5 -235 0
-6 -236 0
-7 -237 0
-8 -238 0
-9 -239 0
-10 -240 0
-1 -91 0
-2 -92 0
-3 -93 0
-4 -94 0
-5 -95 0
-6 -96 0
-7 -97 0
-8 -98 0
-9 -99 0
-10 -100 0
-1 -391 0
-2 -392 0
-3 -393 0
-4 -394 0
-5 -395 0
-6 -396 0
-7 -397 0
-8 -398 0
-9 -399 0
-10 -400 0
-1 -261 0
-2 -262 0
-3 -263 0
-4 -264 0
-5 -265 0
-6 -266 0
-7 -267 0
-8 -268 0
-9 -269 0
-10 -270 0
20 19 18 17 16 15 14 13 12 11 0
-11 -12 0
-11 -13 0
-11 -14 0
-11 -15 0
-11 -16 0
-11 -17 0
-11 -18 0
-11 -19 0
-11 -20 0
-12 -13 0
-12 -14 0
-12 -15 0
-12 -16 0
-12 -17 0
-12 -18 0
-12 -19 0
-12 -20 0
-13 -14 0
-13 -15 0
-13 -16 0
-13 -17 0
-13 -18 0
-13 -19 0
-13 -20 0
-14 -15 0
-14 -16 0
-14 -17 0
-14 -18 0
-14 -19 0
-14 -20 0
-15 -16 0
-15 -17 0
-15 -18 0
-15 -19 0
-15 -20 0
-16 -17 0
-16 -18 0
-16 -19 0
-16 -20 0
-17 -18 0
-17 -19 0
-17 -20 0
-18 -19 0
-18 -20 0
-19 -20 0
-11 -181 0
-12 -182 0
-13 -183 0
-14 -184 0
-15 -185 0
-16 -186 0
-17 -187 0
-18 -188 0
-19 -189 0
-20 -190 0
-11 -101 0
-12 -102 0
-13 -103 0
-14 -104 0
-15 -105 0
-16 -106 0
-17 -107 0
-18 -108 0
-19 -109 0
-20 -110 0
-11 -251 0
-12 -252 0
-13 -253 0
-14 -254 0
-15 -255 0
-16 -256 0
-17 -257 0
-18 -258 0
-19 -259 0
-20 -260 0
-11 -31 0
-12 -32 0
-13 -33 0
-14 -34 0
-15 -35 0
-16 -36 0
-17 -37 0
-18 -38 0
-19 -39 0
-20 -40 0
-11 -291 0
-12 -292 0
-13 -293 0
-14 -294 0
-15 -295 0
-16 -296 0
-17 -297 0
-18 -298 0
-19 -299 0
-20 -300 0
-11 -211 0
-12 -212 0
-13 -213 0
-14 -214 0
-15 -215 0
-16 -216 0
-17 -217 0
-18 -218 0
-19 -219 0
-20 -220 0
30 29 28 27 26 25 24 23 22 21 0
-21 -22 0
-21 -23 0
-21 -24 0
-21 -25 0
-21 -26 0
-21 -27 0
-21 -28 0
-21 -29 0
-21 -30 0
-22 -23 0
-22 -24 0
-22 -25 0
-22 -26 0
-22 -27 0
-22 -28 0
-22 -29 0
-22 -30 0
-23 -24 0
-23 -25 0
-23 -26 0
-23 -27 0
-23 -28 0
-23 -29 0
-23 -30 0
-24 -25 0
-24 -26 0
-24 -27 0
-24 -28 0
-24 -29 0
-24 -30 0
-25 -26 0
-25 -27 0
-25 -28 0
-25 -29 0
-25 -30 0
-26 -27 0
-26 -28 0
-26 -29 0
-26 -30 0
-27 -28 0
-27 -29 0
-27 -30 0
-28 -29 0
-28 -30 0
-29 -30 0
-21 -51 0
-22 -52 0
-23 -53 0
-24 -54 0
-25 -55 0
-26 -56 0
-27 -57 0
-28 -58 0
-29 -59 0
-30 -60 0
-21 -71 0
-22 -72 0
-23 -73 0
-24 -74 0
-25 -75 0
-26 -76 0
-27 -77 0
-28 -78 0
-29 -79 0
-30 -80 0
-21 -311 0
-22 -312 0
-23 -313 0
-24 -314 0
-25 -315 0
-26 -316 0
-27 -317 0
-28 -318 0
-29 -319 0
-30 -320 0
-21 -251 0
-22 -252 0
-23 -253 0
-24 -254 0
-25 -255 0
-26 -256 0
-27 -257 0
-28 -258 0
-29 -259 0
-30 -260 0
-21 -11 0
-22 -12 0
-23 -13 0
-24 -14 0
-25 -15 0
-26 -16 0
-27 -17 0
-28 -18 0
-29 -19 0
-30 -20 0
-21 -31 0
-22 -32 0
-23 -33 0
-24 -34 0
-25 -35 0
-26 -36 0
-27 -37 0
-28 -38 0
-29 -39 0
-30 -40 0
40 39 38 37 36 35 34 33 32 31 0
-31 -32 0
-31 -33 0
-31 -34 0
-31 -35 0
-31 -36 0
-31 -37 0
-31 -38 0
-31 -39 0
-31 -40 0
-32 -33 0
-32 -34 0
-32 -35 0
-32 -36 0
-32 -37 0
-32 -38 0
-32 -39 0
-32 -40 0
-33 -34 0
-33 -35 0
-33 -36 0
-33 -37 0
-33 -38 0
-33 -39 0
-33 -40 0
-34 -35 0
-34 -36 0
-34 -37 0
-34 -38 0
-34 -39 0
-34 -40 0
-35 -36 0
-35 -37 0
-35 -38 0
-35 -39 0
-35 -40 0
-36 -37 0
-36 -38 0
-36 -39 0
-36 -40 0
-37 -38 0
-37 -39 0
-37 -40 0
-38 -39 0
-38 -40 0
-39 -40 0
-31 -211 0
-32 -212 0
-33 -213 0
-34 -214 0
-35 -215 0
-36 -216 0
-37 -217 0
-38 -218 0
-39 -219 0
-40 -220 0
-31 -321 0
-32 -322 0
-33 -323 0
-34 -324 0
-35 -325 0
-36 -326 0
-37 -327 0
-38 -328 0
-39 -329 0
-40 -330 0
-31 -261 0
-32 -262 0
-33 -263 0
-34 -264 0
-35 -265 0
-36 -266 0
-37 -267 0
-38 -268 0
-39 -269 0
-40 -270 0
-31 -51 0
-32 -52 0
-33 -53 0
-34 -54 0
-35 -55 0
-36 -56 0
-37 -57 0
-38 -58 0
-39 -59 0
-40 -60 0
-31 -281 0
-32 -282 0
-33 -283 0
-34 -284 0
-35 -285 0
-36 -286 0
-37 -287 0
-38 -288 0
-39 -289 0
-40 -290 0
-31 -371 0
-32 -372 0
-33 -373 0
-34 -374 0
-35 -375 0
-36 -376 0
-37 -377 0
-38 -378 0
-39 -379 0
-40 -380 0
-31 -171 0
-32 -172 0
-33 -173 0
-34 -174 0
-35 -175 0
-36 -176 0
-37 -177 0
-38 -178 0
-39 -179 0
-40 -180 0
50 49 48 47 46 45 44 43 42 41 0
-41 -42 0
-41 -43 0
-41 -44 0
-41 -45 0
-41 -46 0
-41 -47 0
-41 -48 0
-41 -49 0
-41 -50 0
-42 -43 0
-42 -44 0
-42 -45 0
-42 -46 0
-42 -47 0
-42 -48 0
-42 -49 0
-42 -50 0
-43 -44 0
-43 -45 0
-43 -46 0
-43 -47 0
-43 -48 0
-43 -49 0
-43 -50 0
-44 -45 0
-44 -46 0
-44 -47 0
-44 -48 0
-44 -49 0
-44 -50 0
-45 -46 0
-45 -47 0
-45 -48 0
-45 -49 0
-45 -50 0
-46 -47 0
-46 -48 0
-46 -49 0
-46 -50 0
-47 -48 0
-47 -49 0
-47 -50 0
-48 -49 0
-48 -50 0
-49 -50 0
-41 -231 0
-42 -232 0
-43 -233 0
-44 -234 0
-45 -235 0
-46 -236 0
-47 -237 0
-48 -238 0
-49 -239 0
-50 -240 0
-41 -251 0
-42 -252 0
-43 -253 0
-44 -254 0
-45 -255 0
-46 -256 0
-47 -257 0
-48 -258 0
-49 -259 0
-50 -260 0
-41 -1 0
-42 -2 0
-43 -3 0
-44 -4 0
-45 -5 0
-46 -6 0
-47 -7 0
-48 -8 0
-49 -9 0
-50 -10 0
-41 -281 0
-42 -282 0
-43 -283 0
-44 -284 0
-45 -285 0
-46 -286 0
-47 -287 0
-48 -288 0
-49 -289 0
-50 -290 0
-41 -111 0
-42 -112 0
-43 -113 0
-44 -114 0
-45 -115 0
-46 -116 0
-47 -117 0
-48 -118 0
-49 -119 0
-50 -120 0
-41 -161 0
-42 -162 0
-43 -163 0
-44 -164 0
-45 -165 0
-46 -166 0
-47 -167 0
-48 -168 0
-49 -169 0
-50 -170 0
-41 -21 0
-42 -22 0
-43 -23 0
-44 -24 0
-45 -25 0
-46 -26 0
-47 -27 0
-48 -28 0
-49 -29 0
-50 -30 0
60 59 58 57 56 55 54 53 52 51 0
-51 -52 0
-51 -53 0
-51 -54 0
-51 -55 0
-51 -56 0
-51 -57 0
-51 -58 0
-51 -59 0
-51 -60 0
-52 -53 0
-52 -54 0
-52 -55 0
-52 -56 0
-52 -57 0
-52 -58 0
-52 -59 0
-52 -60 0
-53 -54 0
-53 -55 0
-53 -56 0
-53 -57 0
-53 -58 0
-53 -59 0
-53 -60 0
-54 -55 0
-54 -56 0
-54 -57 0
-54 -58 0
-54 -59 0
-54 -60 0
-55 -56 0
-55 -57 0
-55 -58 0
-55 -59 0
-55 -60 0
-56 -57 0
-56 -58 0
-56 -59 0
-56 -60 0
-57 -58 0
-57 -59 0
-57 -60 0
-58 -59 0
-58 -60 0
-59 -60 0
-51 -271 0
-52 -272 0
-53 -273 0
-54 -274 0
-55 -275 0
-56 -276 0
-57 -277 0
-58 -278 0
-59 -279 0
-60 -280 0
-51 -11 0
-52 -12 0
-53 -13 0
-54 -14 0
-55 -15 0
-56 -16 0
-57 -17 0
-58 -18 0
-59 -19 0
-60 -20 0
-51 -301 0
-52 -302 0
-53 -303 0
-54 -304 0
-55 -305 0
-56 -306 0
-57 -307 0
-58 -308 0
-59 -309 0
-60 -310 0
70 69 68 67 66 65 64 63 62 61 0
-61 -62 0
-61 -63 0
-61 -64 0
-61 -65 0
-61 -66 0
-61 -67 0
-61 -68 0
-61 -69 0
-61 -70 0
-62 -63 0
-62 -64 0
-62 -65 0
-62 -66 0
-62 -67 0
-62 -68 0
-62 -69 0
-62 -70 0
-63 -64 0
-63 -65 0
-63 -66 0
-63 -67 0
-63 -68 0
-63 -69 0
-63 -70 0
-64 -65 0
-64 -66 0
-64 -67 0
-64 -68 0
-64 -69 0
-64 -70 0
-65 -66 0
-65 -67 0
-65 -68 0
-65 -69 0
-65 -70 0
-66 -67 0
-66 -68 0
-66 -69 0
-66 -70 0
-67 -68 0
-67 -69 0
-67 -70 0
-68 -69 0
-68 -70 0
-69 -70 0
-61 -251 0
-62 -252 0
-63 -253 0
-64 -254 0
-65 -255 0
-66 -256 0
-67 -257 0
-68 -258 0
-69 -259 0
-70 -260 0
-61 -101 0
-62 -102 0
-63 -103 0
-64 -104 0
-65 -105 0
-66 -106 0
-67 -107 0
-68 -108 0
-69 -109 0
-70 -110 0
80 79 78 77 76 75 74 73 72 71 0
-71 -72 0
-71 -73 0
-71 -74 0
-71 -75 0
-71 -76 0
-71 -77 0
-71 -78 0
-71 -79 0
-71 -80 0
-72 -73 0
-72 -74 0
-72 -75 0
-72 -76 0
-72 -77 0
-72 -78 0
-72 -79 0
-72 -80 0
-73 -74 0
-73 -75 0
-73 -76 0
-73 -77 0
-73 -78 0
-73 -79 0
-73 -80 0
-74 -75 0
-74 -76 0
-74 -77 0
-74 -78 0
-74 -79 0
-74 -80 0
-75 -76 0
-75 -77 0
-75 -78 0
-75 -79 0
-75 -80 0
-76 -77 0
-76 -78 0
-76 -79 0
-76 -80 0
-77 -78 0
-77 -79 0
-77 -80 0
-78 -79 0
-78 -80 0
-79 -80 0
-71 -241 0
-72 -242 0
-73 -243 0
-74 -244 0
-75 -245 0
-76 -246 0
-77 -247 0
-78 -248 0
-79 -249 0
-80 -250 0
-71 -351 0
-72 -352 0
-73 -353 0
-74 -354 0
-75 -355 0
-76 -356 0
-77 -357 0
-78 -358 0
-79 -359 0
-80 -360 0
-71 -391 0
-72 -392 0
-73 -393 0
-74 -394 0
-75 -395 0
-76 -396 0
-77 -397 0
-78 -398 0
-79 -399 0
-80 -400 0
-71 -141 0
-72 -142 0
-73 -143 0
-74 -144 0
-75 -145 0
-76 -146 0
-77 -147 0
-78 -148 0
-79 -149 0
-80 -150 0
-71 -31 0
-72 -32 0
-73 -33 0
-74 -34 0
-75 -35 0
-76 -36 0
-77 -37 0
-78 -38 0
-79 -39 0
-80 -40 0
-71 -391 0
-72 -392 0
-73 -393 0
-74 -394 0
-75 -395 0
-76 -396 0
-77 -397 0
-78 -398 0
-79 -399 0
-80 -400 0
90 89 88 87 86 85 84 83 82 81 0
-81 -82 0
-81 -83 0
-81 -84 0
-81 -85 0
-81 -86 0
-81 -87 0
-81 -88 0
-81 -89 0
-81 -90 0
-82 -83 0
-82 -84 0
-82 -85 0
-82 -86 0
-82 -87 0
-82 -88 0
-82 -89 0
-82 -90 0
-83 -84 0
-83 -85 0
-83 -86 0
-83 -87 0
-83 -88 0
-83 -89 0
-83 -90 0
-84 -85 0
-84 -86 0
-84 -87 0
-84 -88 0
-84 -89 0
-84 -90 0
-85 -86 0
-85 -87 0
-85 -88 0
-85 -89 0
-85 -90 0
-86 -87 0
-86 -88 0
-86 -89 0
-86 -90 0
-87 -88 0
-87 -89 0
-87 -90 0
-88 -89 0
-88 -90 0
-89 -90 0
-81 -201 0
-82 -202 0
-83 -203 0
-84 -204 0
-85 -205 0
-86 -206 0
-87 -207 0
-88 -208 0
-89 -209 0
-90 -210 0
-81 -331 0
-82 -332 0
-83 -333 0
-84 -334 0
-85 -335 0
-86 -336 0
-87 -337 0
-88 -338 0
-89 -339 0
-90 -340 0
-81 -371 0
-82 -372 0
-83 -373 0
-84 -374 0
-85 -375 0
-86 -376 0
-87 -377 0
-88 -378 0
-89 -379 0
-90 -380 0
100 99 98 97 96 95 94 93 92 91 0
-91 -92 0
-91 -93 0
-91 -94 0
-91 -95 0
-91 -96 0
-91 -97 0
-91 -98 0
-91 -99 0
-91 -100 0
-92 -93 0
-92 -94 0
-92 -95 0
-92 -96 0
-92 -97 0
-92 -98 0
-92 -99 0
-92 -100 0
-93 -94 0
-93 -95 0
-93 -96 0
-93 -97 0
-93 -98 0
-93 -99 0
-93 -100 0
-94 -95 0
-94 -96 0
-94 -97 0
-94 -98 0
-94 -99 0
-94 -100 0
-95 -96 0
-95 -97 0
-95 -98 0
-95 -99 0
-95 -100 0
-96 -97 0
-96 -98 0
-96 -99 0
-96 -100 0
-97 -98 0
-97 -99 0
-97 -100 0
-98 -99 0
-98 -100 0
-99 -100 0
-91 -231 0
-92 -232 0
-93 -233 0
-94 -234 0
-95 -235 0
-96 -236 0
-97 -237 0
-98 -238 0
-99 -239 0
-100 -240 0
-91 -391 0
-92 -392 0
-93 -393 0
-94 -394 0
-95 -395 0
-96 -396 0
-97 -397 0
-98 -398 0
-99 -399 0
-100 -400 0
-91 -251 0
-92 -252 0
-93 -253 0
-94 -254 0
-95 -255 0
-96 -256 0
-97 -257 0
-98 -258 0
-99 -259 0
-100 -260 0
110 109 108 107 106 105 104 103 102 101 0
-101 -102 0
-101 -103 0
-101 -104 0
-101 -105 0
-101 -106 0
-101 -107 0
-101 -108 0
-101 -109 0
-101 -110 0
-102 -103 0
-102 -104 0
-102 -105 0
-102 -106 0
-102 -107 0
-102 -108 0
-102 -109 0
-102 -110 0
-103 -104 0
-103 -105 0
-103 -106 0
-103 -107 0
-103 -108 0
-103 -109 0
-103 -110 0
-104 -105 0
-104 -106 0
-104 -107 0
-104 -108 0
-104 -109 0
-104 -110 0
-105 -106 0
-105 -107 0
-105 -108 0
-105 -109 0
-105 -110 0
-106 -107 0
-106 -108 0
-106 -109 0
-106 -110 0
-107 -108 0
-107 -109 0
-107 -110 0
-108 -109 0
-108 -110 0
-109 -110 0
-101 -381 0
-102 -382 0
-103 -383 0
-104 -384 0
-105 -385 0
-106 -386 0
-107 -387 0
-108 -388 0
-109 -389 0
-110 -390 0
-101 -31 0
-102 -32 0
-103 -33 0
-104 -34 0
-105 -35 0
-106 -36 0
-107 -37 0
-108 -38 0
-109 -39 0
-110 -40 0
-101 -281 0
-102 -282 0
-103 -283 0
-104 -284 0
-105 -285 0
-106 -286 0
-107 -287 0
-108 -288 0
-109 -289 0
-110 -290 0
120 119 118 117 116 115 114 113 112 111 0
-111 -112 0
-111 -113 0
-111 -114 0
-111 -115 0
-111 -116 0
-111 -117 0
-111 -118 0
-111 -119 0
-111 -120 0
-112 -113 0
-112 -114 0
-112 -115 0
-112 -116 0
-112 -117 0
-112 -118 0
-112 -119 0
-112 -120 0
-113 -114 0
-113 -115 0
-113 -116 0
-113 -117 0
-113 -118 0
-113 -119 0
-113 -120 0
-114 -115 0
-114 -116 0
-114 -117 0
-114 -118 0
-114 -119 0
-114 -120 0
-115 -116 0
-115 -117 0
-115 -118 0
-115 -119 0
-115 -120 0
-116 -117 0
-116 -118 0
-116 -119 0
-116 -120 0
-117 -118 0
-117 -119 0
-117 -120 0
-118 -119 0
-118 -120 0
-119 -120 0
-111 -71 0
-112 -72 0
-113 -73 0
-114 -74 0
-115 -75 0
-116 -76 0
-117 -77 0
-118 -78 0
-119 -79 0
-120 -80 0
-111 -181 0
-112 -182 0
-113 -183 0
-114 -184 0
-115 -185 0
-116 -186 0
-117 -187 0
-118 -188 0
-119 -189 0
-120 -190 0
130 129 128 127 126 125 124 123 122 121 0
-121 -122 0
-121 -123 0
-121 -124 0
-121 -125 0
-121 -126 0
-121 -127 0
-121 -128 0
-121 -129 0
-121 -130 0
-122 -123 0
-122 -124 0
-122 -125 0
-122 -126 0
-122 -127 0
-122 -128 0
-122 -129 0
-122 -130 0
-123 -124 0
-123 -125 0
-123 -126 0
-123 -127 0
-123 -128 0
-123 -129 0
-123 -130 0
-124 -125 0
-124 -126 0
-124 -127 0
-124 -128 0
-124 -129 0
-124 -130 0
-125 -126 0
-125 -127 0
-125 -128 0
-125 -129 0
-125 -130 0
-126 -127 0
-126 -128 0
-126 -129 0
-126 -130 0
-127 -128 0
-127 -129 0
-127 -130 0
-128 -129 0
-128 -130 0
-129 -130 0
-121 -211 0
-122 -212 0
-123 -213 0
-124 -214 0
-125 -215 0
-126 -216 0
-127 -217 0
-128 -218 0
-129 -219 0
-130 -220 0
-121 -261 0
-122 -262 0
-123 -263 0
-124 -264 0
-125 -265 0
-126 -266 0
-127 -267 0
-128 -268 0
-129 -269 0
-130 -270 0
140 139 138 137 136 135 134 133 132 131 0
-131 -132 0
-131 -133 0
-131 -134 0
-131 -135 0
-131 -136 0
-131 -137 0
-131 -138 0
-131 -139 0
-131 -140 0
-132 -133 0
-132 -134 0
-132 -135 0
-132 -136 0
-132 -137 0
-132 -138 0
-132 -139 0
-132 -140 0
-133 -134 0
-133 -135 0
-133 -136 0
-133 -137 0
-133 -138 0
-133 -139 0
-133 -140 0
-134 -135 0
-134 -136 0
-134 -137 0
-134 -138 0
-134 -139 0
-134 -140 0
-135 -136 0
-135 -137 0
-135 -138 0
-135 -139 0
-135 -140 0
-136 -137 0
-136 -138 0
-136 -139 0
-136 -140 0
-137 -138 0
-137 -139 0
-137 -140 0
-138 -139 0
-138 -140 0
-139 -140 0
-131 -371 0
-132 -372 0
-133 -373 0
-134 -374 0
-135 -375 0
-136 -376 0
-137 -377 0
-138 -378 0
-139 -379 0
-140 -380 0
-131 -121 0
-132 -122 0
-133 -123 0
-134 -124 0
-135 -125 0
-136 -126 0
-137 -127 0
-138 -128 0
-139 -129 0
-140 -130 0
-131 -41 0
-132 -42 0
-133 -43 0
-134 -44 0
-135 -45 0
-136 -46 0
-137 -47 0
-138 -48 0
-139 -49 0
-140 -50 0
-131 -231 0
-132 -232 0
-133 -233 0
-134 -234 0
-135 -235 0
-136 -236 0
-137 -237 0
-138 -238 0
-139 -239 0
-140 -240 0
-131 -1 0
-132 -2 0
-133 -3 0
-134 -4 0
-135 -5 0
-136 -6 0
-137 -7 0
-138 -8 0
-139 -9 0
-140 -10 0
150 149 148 147 146 145 144 143 142 141 0
-141 -142 0
-141 -143 0
-141 -144 0
-141 -145 0
-141 -146 0
-141 -147 0
-141 -148 0
-141 -149 0
-141 -150 0
-142 -143 0
-142 -144 0
-142 -145 0
-142 -146 0
-142 -147 0
-142 -148 0
-142 -149 0
-142 -150 0
-143 -144 0
-143 -145 0
-143 -146 0
-143 -147 0
-143 -148 0
-143 -149 0
-143 -150 0
-144 -145 0
-144 -146 0
-144 -147 0
-144 -148 0
-144 -149 0
-144 -150 0
-145 -146 0
-145 -147 0
-145 -148 0
-145 -149 0
-145 -150 0
-146 -147 0
-146 -148 0
-146 -149 0
-146 -150 0
-147 -148 0
-147 -149 0
-147 -150 0
-148 -149 0
-148 -150 0
-149 -150 0
-141 -291 0
-142 -292 0
-143 -293 0
-144 -294 0
-145 -295 0
-146 -296 0
-147 -297 0
-148 -298 0
-149 -299 0
-150 -300 0
-141 -271 0
-142 -272 0
-143 -273 0
-144 -274 0
-145 -275 0
-146 -276 0
-147 -277 0
-148 -278 0
-149 -279 0
-150 -280 0
-141 -61 0
-142 -62 0
-143 -63 0
-144 -64 0
-145 -65 0
-146 -66 0
-147 -67 0
-148 -68 0
-149 -69 0
-150 -70 0
-141 -61 0
-142 -62 0
-143 -63 0
-144 -64 0
-145 -65 0
-146 -66 0
-147 -67 0
-148 -68 0
-149 -69 0
-150 -70 0
-141 -31 0
-142 -32 0
-143 -33 0
-144 -34 0
-145 -35 0
-146 -36 0
-147 -37 0
-148 -38 0
-149 -39 0
-150 -40 0
-141 -11 0
-142 -12 0
-143 -13 0
-144 -14 0
-145 -15 0
-146 -16 0
-147 -17 0
-148 -18 0
-149 -19 0
-150 -20 0
160 159 158 157 156 155 154 153 152 151 0
-151 -152 0
-151 -153 0
-151 -154 0
-151 -155 0
-151 -156 0
-151 -157 0
-151 -158 0
-151 -159 0
-151 -160 0
-152 -153 0
-152 -154 0
-152 -155 0
-152 -156 0
-152 -157 0
-152 -158 0
-152 -159 0
-152 -160 0
-153 -154 0
-153 -155 0
-153 -156 0
-153 -157 0
-153 -158 0
-153 -159 0
-153 -160 0
-154 -155 0
-154 -156 0
-154 -157 0
-154 -158 0
-154 -159 0
-154 -160 0
-155 -156 0
-155 -157 0
-155 -158 0
-155 -159 0
-155 -160 0
-156 -157 0
-156 -158 0
-156 -159 0
-156 -160 0
-157 -158 0
-157 -159 0
-157 -160 0
-158 -159 0
-158 -160 0
-159 -160 0
-151 -181 0
-152 -182 0
-153 -183 0
-154 -184 0
-155 -185 0
-156 -186 0
-157 -187 0
-158 -188 0
-159 -189 0
-160 -190 0
-151 -31 0
-152 -32 0
-153 -33 0
-154 -34 0
-155 -35 0
-156 -36 0
-157 -37 0
-158 -38 0
-159 -39 0
-160 -40 0
-151 -331 0
-152 -332 0
-153 -333 0
-154 -334 0
-155 -335 0
-156 -336 0
-157 -337 0
-158 -338 0
-159 -339 0
-160 -340 0
-151 -371 0
-152 -372 0
-153 -373 0
-154 -374 0
-155 -375 0
-156 -376 0
-157 -377 0
-158 -378 0
-159 -379 0
-160 -380 0
-151 -231 0
-152 -232 0
-153 -233 0
-154 -234 0
-155 -235 0
-156 -236 0
-157 -237 0
-158 -238 0
-159 -239 0
-160 -240 0
-151 -301 0
-152 -302 0
-153 -303 0
-154 -304 0
-155 -305 0
-156 -306 0
-157 -307 0
-158 -308 0
-159 -309 0
-160 -310 0
170 169 168 167 166 165 164 163 162 161 0
-161 -162 0
-161 -163 0
-161 -164 0
-161 -165 0
-161 -166 0
-161 -167 0
-161 -168 0
-161 -169 0
-161 -170 0
-162 -163 0
-162 -164 0
-162 -165 0
-162 -166 0
-162 -167 0
-162 -168 0
-162 -169 0
-162 -170 0
-163 -164 0
-163 -165 0
-163 -166 0
-163 -167 0
-163 -168 0
-163 -169 0
-163 -170 0
-164 -165 0
-164 -166 0
-164 -167 0
-164 -168 0
-164 -169 0
-164 -170 0
-165 -166 0
-165 -167 0
-165 -168 0
-165 -169 0
-165 -170 0
-166 -167 0
-166 -168 0
-166 -169 0
-166 -170 0
-167 -168 0
-167 -169 0
-167 -170 0
-168 -169 0
-168 -170 0
-169 -170 0
-161 -271 0
-162 -272 0
-163 -273 0
-164 -274 0
-165 -275 0
-166 -276 0
-167 -277 0
-168 -278 0
-169 -279 0
-170 -280 0
-161 -331 0
-162 -332 0
-163 -333 0
-164 -334 0
-165 -335 0
-166 -336 0
-167 -337 0
-168 -338 0
-169 -339 0
-170 -340 0
-161 -321 0
-162 -322 0
-163 -323 0
-164 -324 0
-165 -325 0
-166 -326 0
-167 -327 0
-168 -328 0
-169 -329 0
-170 -330 0
-161 -111 0
-162 -112 0
-163 -113 0
-164 -114 0
-165 -115 0
-166 -116 0
-167 -117 0
-168 -118 0
-169 -119 0
-170 -120 0
-161 -31 0
-162 -32 0
-163 -33 0
-164 -34 0
-165 -35 0
-166 -36 0
-167 -37 0
-168 -38 0
-169 -39 0
-170 -40 0
180 179 178 177 176 175 174 173 172 171 0
-171 -172 0
-171 -173 0
-171 -174 0
-171 -175 0
-171 -176 0
-171 -177 0
-171 -178 0
-171 -179 0
-171 -180 0
-172 -173 0
-172 -174 0
-172 -175 0
-172 -176 0
-172 -177 0
-172 -178 0
-172 -179 0
-172 -180 0
-173 -174 0
-173 -175 0
-173 -176 0
-173 -177 0
-173 -178 0
-173 -179 0
-173 -180 0
-174 -175 0
-174 -176 0
-174 -177 0
-174 -178 0
-174 -179 0
-174 -180 0
-175 -176 0
-175 -177 0
-175 -178 0
-175 -179 0
-175 -180 0
-176 -177 0
-176 -178 0
-176 -179 0
-176 -180 0
-177 -178 0
-177 -179 0
-177 -180 0
-178 -179 0
-178 -180 0
-179 -180 0
-171 -111 0
-172 -112 0
-173 -113 0
-174 -114 0
-175 -115 0
-176 -116 0
-177 -117 0
-178 -118 0
-179 -119 0
-180 -120 0
-171 -51 0
-172 -52 0
-173 -53 0
-174 -54 0
-175 -55 0
-176 -56 0
-177 -57 0
-178 -58 0
-179 -59 0
-180 -60 0
-171 -191 0
-172 -192 0
-173 -193 0
-174 -194 0
-175 -195 0
-176 -196 0
-177 -197 0
-178 -198 0
-179 -199 0
-180 -200 0
-171 -311 0
-172 -312 0
-173 -313 0
-174 -314 0
-175 -315 0
-176 -316 0
-177 -317 0
-178 -318 0
-179 -319 0
-180 -320 0
-171 -151 0
-172 -152 0
-173 -153 0
-174 -154 0
-175 -155 0
-176 -156 0
-177 -157 0
-178 -158 0
-179 -159 0
-180 -160 0
190 189 188 187 186 185 184 183 182 181 0
-181 -182 0
-181 -183 0
-181 -184 0
-181 -185 0
-181 -186 0
-181 -187 0
-181 -188 0
-181 -189 0
-181 -190 0
-182 -183 0
-182 -184 0
-182 -185 0
-182 -186 0
-182 -187 0
-182 -188 0
-182 -189 0
-182 -190 0
-183 -184 0
-183 -185 0
-183 -186 0
-183 -187 0
-183 -188 0
-183 -189 0
-183 -190 0
-184 -185 0
-184 -186 0
-184 -187 0
-184 -188 0
-184 -189 0
-184 -190 0
-185 -186 0
-185 -187 0
-185 -188 0
-185 -189 0
-185 -190 0
-186 -187 0
-186 -188 0
-186 -189 0
-186 -190 0
-187 -188 0
-187 -189 0
-187 -190 0
-188 -189 0
-188 -190 0
-189 -190 0
-181 -281 0
-182 -282 0
-183 -283 0
-184 -284 0
-185 -285 0
-186 -286 0
-187 -287 0
-188 -288 0
-189 -289 0
-190 -290 0
-181 -341 0
-182 -342 0
-183 -343 0
-184 -344 0
-185 -345 0
-186 -346 0
-187 -347 0
-188 -348 0
-189 -349 0
-190 -350 0
-181 -351 0
-182 -352 0
-183 -353 0
-184 -354 0
-185 -355 0
-186 -356 0
-187 -357 0
-188 -358 0
-189 -359 0
-190 -360 0
-181 -331 0
-182 -332 0
-183 -333 0
-184 -334 0
-185 -335 0
-186 -336 0
-187 -337 0
-188 -338 0
-189 -339 0
-190 -340 0
-181 -31 0
-182 -32 0
-183 -33 0
-184 -34 0
-185 -35 0
-186 -36 0
-187 -37 0
-188 -38 0
-189 -39 0
-190 -40 0
-181 -311 0
-182 -312 0
-183 -313 0
-184 -314 0
-185 -315 0
-186 -316 0
-187 -317 0
-188 -318 0
-189 -319 0
-190 -320 0
-181 -381 0
-182 -382 0
-183 -383 0
-184 -384 0
-185 -385 0
-186 -386 0
-187 -387 0
-188 -388 0
-189 -389 0
-190 -390 0
200 199 198 197 196 195 194 193 192 191 0
-191 -192 0
-191 -193 0
-191 -194 0
-191 -195 0
-191 -196 0
-191 -197 0
-191 -198 0
-191 -199 0
-191 -200 0
-192 -193 0
-192 -194 0
-192 -195 0
-192 -196 0
-192 -197 0
-192 -198 0
-192 -199 0
-192 -200 0
-193 -194 0
-193 -195 0
-193 -196 0
-193 -197 0
-193 -198 0
-193 -199 0
-193 -200 0
-194 -195 0
-194 -196 0
-194 -197 0
-194 -198 0
-194 -199 0
-194 -200 0
-195 -196 0
-195 -197 0
-195 -198 0
-195 -199 0
-195 -200 0
-196 -197 0
-196 -198 0
-196 -199 0
-196 -200 0
-197 -198 0
-197 -199 0
-197 -200 0
-198 -199 0
-198 -200 0
-199 -200 0
-191 -301 0
-192 -302 0
-193 -303 0
-194 -304 0
-195 -305 0
-196 -306 0
-197 -307 0
-198 -308 0
-199 -309 0
-200 -310 0
-191 -201 0
-192 -202 0
-193 -203 0
-194 -204 0
-195 -205 0
-196 -206 0
-197 -207 0
-198 -208 0
-199 -209 0
-200 -210 0
-191 -21 0
-192 -22 0
-193 -23 0
-194 -24 0
-195 -25 0
-196 -26 0
-197 -27 0
-198 -28 0
-199 -29 0
-200 -30 0
-191 -161 0
-192 -162 0
-193 -163 0
-194 -164 0
-195 -165 0
-196 -166 0
-197 -167 0
-198 -168 0
-199 -169 0
-200 -170 0
-191 -391 0
-192 -392 0
-193 -393 0
-194 -394 0
-195 -395 0
-196 -396 0
-197 -397 0
-198 -398 0
-199 -399 0
-200 -400 0
-191 -251 0
-192 -252 0
-193 -253 0
-194 -254 0
-195 -255 0
-196 -256 0
-197 -257 0
-198 -258 0
-199 -259 0
-200 -260 0
210 209 208 207 206 205 204 203 202 201 0
-201 -202 0
-201 -203 0
-201 -204 0
-201 -205 0
-201 -206 0
-201 -207 0
-201 -208 0
-201 -209 0
-201 -210 0
-202 -203 0
-202 -204 0
-202 -205 0
-202 -206 0
-202 -207 0
-202 -208 0
-202 -209 0
-202 -210 0
-203 -204 0
-203 -205 0
-203 -206 0
-203 -207 0
-203 -208 0
-203 -209 0
-203 -210 0
-204 -205 0
-204 -206 0
-204 -207 0
-204 -208 0
-204 -209 0
-204 -210 0
-205 -206 0
-205 -207 0
-205 -208 0
-205 -209 0
-205 -210 0
-206 -207 0
-206 -208 0
-206 -209 0
-206 -210 0
-207 -208 0
-207 -209 0
-207 -210 0
-208 -209 0
-208 -210 0
-209 -210 0
-201 -321 0
-202 -322 0
-203 -323 0
-204 -324 0
-205 -325 0
-206 -326 0
-207 -327 0
-208 -328 0
-209 -329 0
-210 -330 0
-201 -91 0
-202 -92 0
-203 -93 0
-204 -94 0
-205 -95 0
-206 -96 0
-207 -97 0
-208 -98 0
-209 -99 0
-210 -100 0
220 219 218 217 216 215 214 213 212 211 0
-211 -212 0
-211 -213 0
-211 -214 0
-211 -215 0
-211 -216 0
-211 -217 0
-211 -218 0
-211 -219 0
-211 -220 0
-212 -213 0
-212 -214 0
-212 -215 0
-212 -216 0
-212 -217 0
-212 -218 0
-212 -219 0
-212 -220 0
-213 -214 0
-213 -215 0
-213 -216 0
-213 -217 0
-213 -218 0
-213 -219 0
-213 -220 0
-214 -215 0
-214 -216 0
-214 -217 0
-214 -218 0
-214 -219 0
-214 -220 0
-215 -216 0
-215 -217 0
-215 -218 0
-215 -219 0
-215 -220 0
-216 -217 0
-216 -218 0
-216 -219 0
-216 -220 0
-217 -218 0
-217 -219 0
-217 -220 0
-218 -219 0
-218 -220 0
-219 -220 0
-211 -271 0
-212 -272 0
-213 -273 0
-214 -274 0
-215 -275 0
-216 -276 0
-217 -277 0
-218 -278 0
-219 -279 0
-220 -280 0
-211 -261 0
-212 -262 0
-213 -263 0
-214 -264 0
-215 -265 0
-216 -266 0
-217 -267 0
-218 -268 0
-219 -269 0
-220 -270 0
230 229 228 227 226 225 224 223 222 221 0
-221 -222 0
-221 -223 0
-221 -224 0
-221 -225 0
-221 -226 0
-221 -227 0
-221 -228 0
-221 -229 0
-221 -230 0
-222 -223 0
-222 -224 0
-222 -225 0
-222 -226 0
-222 -227 0
-222 -228 0
-222 -229 0
-222 -230 0
-223 -224 0
-223 -225 0
-223 -226 0
-223 -227 0
-223 -228 0
-223 -229 0
-223 -230 0
-224 -225 0
-224 -226 0
-224 -227 0
-224 -228 0
-224 -229 0
-224 -230 0
-225 -226 0
-225 -227 0
-225 -228 0
-225 -229 0
-225 -230 0
-226 -227 0
-226 -228 0
-226 -229 0
-226 -230 0
-227 -228 0
-227 -229 0
-227 -230 0
-228 -229 0
-228 -230 0
-229 -230 0
-221 -271 0
-222 -272 0
-223 -273 0
-224 -274 0
-225 -275 0
-226 -276 0
-227 -277 0
-228 -278 0
-229 -279 0
-230 -280 0
-221 -291 0
-222 -292 0
-223 -293 0
-224 -294 0
-225 -295 0
-226 -296 0
-227 -297 0
-228 -298 0
-229 -299 0
-230 -300 0
-221 -261 0
-222 -262 0
-223 -263 0
-224 -264 0
-225 -265 0
-226 -266 0
-227 -267 0
-228 -268 0
-229 -269 0
-230 -270 0
-221 -41 0
-222 -42 0
-223 -43 0
-224 -44 0
-225 -45 0
-226 -46 0
-227 -47 0
-228 -48 0
-229 -49 0
-230 -50 0
240 239 238 237 236 235 234 233 232 231 0
-231 -232 0
-231 -233 0
-231 -234 0
-231 -235 0
-231 -236 0
-231 -237 0
-231 -238 0
-231 -239 0
-231 -240 0
-232 -233 0
-232 -234 0
-232 -235 0
-232 -236 0
-232 -237 0
-232 -238 0
-232 -239 0
-232 -240 0
-233 -234 0
-233 -235 0
-233 -236 0
-233 -237 0
-233 -238 0
-233 -239 0
-233 -240 0
-234 -235 0
-234 -236 0
-234 -237 0
-234 -238 0
-234 -239 0
-234 -240 0
-235 -236 0
-235 -237 0
-235 -238 0
-235 -239 0
-235 -240 0
-236 -237 0
-236 -238 0
-236 -239 0
-236 -240 0
-237 -238 0
-237 -239 0
-237 -240 0
-238 -239 0
-238 -240 0
-239 -240 0
-231 -21 0
-232 -22 0
-233 -23 0
-234 -24 0
-235 -25 0
-236 -26 0
-237 -27 0
-238 -28 0
-239 -29 0
-240 -30 0
-231 -331 0
-232 -332 0
-233 -333 0
-234 -334 0
-235 -335 0
-236 -336 0
-237 -337 0
-238 -338 0
-239 -339 0
-240 -340 0
-231 -261 0
-232 -262 0
-233 -263 0
-234 -264 0
-235 -265 0
-236 -266 0
-237 -267 0
-238 -268 0
-239 -269 0
-240 -270 0
250 249 248 247 246 245 244 243 242 241 0
-241 -242 0
-241 -243 0
-241 -244 0
-241 -245 0
-241 -246 0
-241 -247 0
-241 -248 0
-241 -249 0
-241 -250 0
-242 -243 0
-242 -244 0
-242 -245 0
-242 -246 0
-242 -247 0
-242 -248 0
-242 -249 0
-242 -250 0
-243 -244 0
-243 -245 0
-243 -246 0
-243 -247 0
-243 -248 0
-243 -249 0
-243 -250 0
-244 -245 0
-244 -246 0
-244 -247 0
-244 -248 0
-244 -249 0
-244 -250 0
-245 -246 0
-245 -247 0
-245 -248 0
-245 -249 0
-245 -250 0
-246 -247 0
-246 -248 0
-246 -249 0
-246 -250 0
-247 -248 0
-247 -249 0
-247 -250 0
-248 -249 0
-248 -250 0
-249 -250 0
-241 -31 0
-242 -32 0
-243 -33 0
-244 -34 0
-245 -35 0
-246 -36 0
-247 -37 0
-248 -38 0
-249 -39 0
-250 -40 0
-241 -61 0
-242 -62 0
-243 -63 0
-244 -64 0
-245 -65 0
-246 -66 0
-247 -67 0
-248 -68 0
-249 -69 0
-250 -70 0
-241 -221 0
-242 -222 0
-243 -223 0
-244 -224 0
-245 -225 0
-246 -226 0
-247 -227 0
-248 -228 0
-249 -229 0
-250 -230 0
-241 -131 0
-242 -132 0
-243 -133 0
-244 -134 0
-245 -135 0
-246 -136 0
-247 -137 0
-248 -138 0
-249 -139 0
-250 -140 0
-241 -71 0
-242 -72 0
-243 -73 0
-244 -74 0
-245 -75 0
-246 -76 0
-247 -77 0
-248 -78 0
-249 -79 0
-250 -80 0
260 259 258 257 256 255 254 253 252 251 0
-251 -252 0
-251 -253 0
-251 -254 0
-251 -255 0
-251 -256 0
-251 -257 0
-251 -258 0
-251 -259 0
-251 -260 0
-252 -253 0
-252 -254 0
-252 -255 0
-252 -256 0
-252 -257 0
-252 -258 0
-252 -259 0
-252 -260 0
-253 -254 0
-253 -255 0
-253 -256 0
-253 -257 0
-253 -258 0
-253 -259 0
-253 -260 0
-254 -255 0
-254 -256 0
-254 -257 0
-254 -258 0
-254 -259 0
-254 -260 0
-255 -256 0
-255 -257 0
-255 -258 0
-255 -259 0
-255 -260 0
-256 -257 0
-256 -258 0
-256 -259 0
-256 -260 0
-257 -258 0
-257 -259 0
-257 -260 0
-258 -259 0
-258 -260 0
-259 -260 0
-251 -381 0
-252 -382 0
-253 -383 0
-254 -384 0
-255 -385 0
-256 -386 0
-257 -387 0
-258 -388 0
-259 -389 0
-260 -390 0
-251 -11 0
-252 -12 0
-253 -13 0
-254 -14 0
-255 -15 0
-256 -16 0
-257 -17 0
-258 -18 0
-259 -19 0
-260 -20 0
-251 -301 0
-252 -302 0
-253 -303 0
-254 -304 0
-255 -305 0
-256 -306 0
-257 -307 0
-258 -308 0
-259 -309 0
-260 -310 0
-251 -301 0
-252 -302 0
-253 -303 0
-254 -304 0
-255 -305 0
-256 -306 0
-257 -307 0
-258 -308 0
-259 -309 0
-260 -310 0
270 269 268 267 266 265 264 263 262 261 0
-261 -262 0
-261 -263 0
-261 -264 0
-261 -265 0
-261 -266 0
-261 -267 0
-261 -268 0
-261 -269 0
-261 -270 0
-262 -263 0
-262 -264 0
-262 -265 0
-262 -266 0
-262 -267 0
-262 -268 0
-262 -269 0
-262 -270 0
-263 -264 0
-263 -265 0
-263 -266 0
-263 -267 0
-263 -268 0
-263 -269 0
-263 -270 0
-264 -265 0
-264 -266 0
-264 -267 0
-264 -268 0
-264 -269 0
-264 -270 0
-265 -266 0
-265 -267 0
-265 -268 0
-265 -269 0
-265 -270 0
-266 -267 0
-266 -268 0
-266 -269 0
-266 -270 0
-267 -268 0
-267 -269 0
-267 -270 0
-268 -269 0
-268 -270 0
-269 -270 0
-261 -281 0
-262 -282 0
-263 -283 0
-264 -284 0
-265 -285 0
-266 -286 0
-267 -287 0
-268 -288 0
-269 -289 0
-270 -290 0
-261 -91 0
-262 -92 0
-263 -93 0
-264 -94 0
-265 -95 0
-266 -96 0
-267 -97 0
-268 -98 0
-269 -99 0
-270 -100 0
-261 -31 0
-262 -32 0
-263 -33 0
-264 -34 0
-265 -35 0
-266 -36 0
-267 -37 0
-268 -38 0
-269 -39 0
-270 -40 0
-261 -241 0
-262 -242 0
-263 -243 0
-264 -244 0
-265 -245 0
-266 -246 0
-267 -247 0
-268 -248 0
-269 -249 0
-270 -250 0
280 279 278 277 276 275 274 273 272 271 0
-271 -272 0
-271 -273 0
-271 -274 0
-271 -275 0
-271 -276 0
-271 -277 0
-271 -278 0
-271 -279 0
-271 -280 0
-272 -273 0
-272 -274 0
-272 -275 0
-272 -276 0
-272 -277 0
-272 -278 0
-272 -279 0
-272 -280 0
-273 -274 0
-273 -275 0
-273 -276 0
-273 -277 0
-273 -278 0
-273 -279 0
-273 -280 0
-274 -275 0
-274 -276 0
-274 -277 0
-274 -278 0
-274 -279 0
-274 -280 0
-275 -276 0
-275 -277 0
-275 -278 0
-275 -279 0
-275 -280 0
-276 -277 0
-276 -278 0
-276 -279 0
-276 -280 0
-277 -278 0
-277 -279 0
-277 -280 0
-278 -279 0
-278 -280 0
-279 -280 0
-271 -21 0
-272 -22 0
-273 -23 0
-274 -24 0
-275 -25 0
-276 -26 0
-277 -27 0
-278 -28 0
-279 -29 0
-280 -30 0
-271 -221 0
-272 -222 0
-273 -223 0
-274 -224 0
-275 -225 0
-276 -226 0
-277 -227 0
-278 -228 0
-279 -229 0
-280 -230 0
-271 -171 0
-272 -172 0
-273 -173 0
-274 -174 0
-275 -175 0
-276 -176 0
-277 -177 0
-278 -178 0
-279 -179 0
-280 -180 0
-271 -81 0
-272 -82 0
-273 -83 0
-274 -84 0
-275 -85 0
-276 -86 0
-277 -87 0
-278 -88 0
-279 -89 0
-280 -90 0
-271 -41 0
-272 -42 0
-273 -43 0
-274 -44 0
-275 -45 0
-276 -46 0
-277 -47 0
-278 -48 0
-279 -49 0
-280 -50 0
-271 -111 0
-272 -112 0
-273 -113 0
-274 -114 0
-275 -115 0
-276 -116 0
-277 -117 0
-278 -118 0
-279 -119 0
-280 -120 0
290 289 288 287 286 285 284 283 282 281 0
-281 -282 0
-281 -283 0
-281 -284 0
-281 -285 0
-281 -286 0
-281 -287 0
-281 -288 0
-281 -289 0
-281 -290 0
-282 -283 0
-282 -284 0
-282 -285 0
-282 -286 0
-282 -287 0
-282 -288 0
-282 -289 0
-282 -290 0
-283 -284 0
-283 -285 0
-283 -286 0
-283 -287 0
-283 -288 0
-283 -289 0
-283 -290 0
-284 -285 0
-284 -286 0
-284 -287 0
-284 -288 0
-284 -289 0
-284 -290 0
-285 -286 0
-285 -287 0
-285 -288 0
-285 -289 0
-285 -290 0
-286 -287 0
-286 -288 0
-286 -289 0
-286 -290 0
-287 -288 0
-287 -289 0
-287 -290 0
-288 -289 0
-288 -290 0
-289 -290 0
-281 -171 0
-282 -172 0
-283 -173 0
-284 -174 0
-285 -175 0
-286 -176 0
-287 -177 0
-288 -178 0
-289 -179 0
-290 -180 0
-281 -271 0
-282 -272 0
-283 -273 0
-284 -274 0
-285 -275 0
-286 -276 0
-287 -277 0
-288 -278 0
-289 -279 0
-290 -280 0
-281 -241 0
-282 -242 0
-283 -243 0
-284 -244 0
-285 -245 0
-286 -246 0
-287 -247 0
-288 -248 0
-289 -249 0
-290 -250 0
300 299 298 297 296 295 294 293 292 291 0
-291 -292 0
-291 -293 0
-291 -294 0
-291 -295 0
-291 -296 0
-291 -297 0
-291 -298 0
-291 -299 0
-291 -300 0
-292 -293 0
-292 -294 0
-292 -295 0
-292 -296 0
-292 -297 0
-292 -298 0
-292 -299 0
-292 -300 0
-293 -294 0
-293 -295 0
-293 -296 0
-293 -297 0
-293 -298 0
-293 -299 0
-293 -300 0
-294 -295 0
-294 -296 0
-294 -297 0
-294 -298 0
-294 -299 0
-294 -300 0
-295 -296 0
-295 -297 0
-295 -298 0
-295 -299 0
-295 -300 0
-296 -297 0
-296 -298 0
-296 -299 0
-296 -300 0
-297 -298 0
-297 -299 0
-297 -300 0
-298 -299 0
-298 -300 0
-299 -300 0
-291 -221 0
-292 -222 0
-293 -223 0
-294 -224 0
-295 -225 0
-296 -226 0
-297 -227 0
-298 -228 0
-299 -229 0
-300 -230 0
-291 -351 0
-292 -352 0
-293 -353 0
-294 -354 0
-295 -355 0
-296 -356 0
-297 -357 0
-298 -358 0
-299 -359 0
-300 -360 0
-291 -341 0
-292 -342 0
-293 -343 0
-294 -344 0
-295 -345 0
-296 -346 0
-297 -347 0
-298 -348 0
-299 -349 0
-300 -350 0
-291 -231 0
-292 -232 0
-293 -233 0
-294 -234 0
-295 -235 0
-296 -236 0
-297 -237 0
-298 -238 0
-299 -239 0
-300 -240 0
-291 -161 0
-292 -162 0
-293 -163 0
-294 -164 0
-295 -165 0
-296 -166 0
-297 -167 0
-298 -168 0
-299 -169 0
-300 -170 0
-291 -101 0
-292 -102 0
-293 -103 0
-294 -104 0
-295 -105 0
-296 -106 0
-297 -107 0
-298 -108 0
-299 -109 0
-300 -110 0
-291 -371 0
-292 -372 0
-293 -373 0
-294 -374 0
-295 -375 0
-296 -376 0
-297 -377 0
-298 -378 0
-299 -379 0
-300 -380 0
310 309 308 307 306 305 304 303 302 301 0
-301 -302 0
-301 -303 0
-301 -304 0
-301 -305 0
-301 -306 0
-301 -307 0
-301 -308 0
-301 -309 0
-301 -310 0
-302 -303 0
-302 -304 0
-302 -305 0
-302 -306 0
-302 -307 0
-302 -308 0
-302 -309 0
-302 -310 0
-303 -304 0
-303 -305 0
-303 -306 0
-303 -307 0
-303 -308 0
-303 -309 0
-303 -310 0
-304 -305 0
-304 -306 0
-304 -307 0
-304 -308 0
-304 -309 0
-304 -310 0
-305 -306 0
-305 -307 0
-305 -308 0
-305 -309 0
-305 -310 0
-306 -307 0
-306 -308 0
-306 -309 0
-306 -310 0
-307 -308 0
-307 -309 0
-307 -310 0
-308 -309 0
-308 -310 0
-309 -310 0
-301 -11 0
-302 -12 0
-303 -13 0
-304 -14 0
-305 -15 0
-306 -16 0
-307 -17 0
-308 -18 0
-309 -19 0
-310 -20 0
-301 -81 0
-302 -82 0
-303 -83 0
-304 -84 0
-305 -85 0
-306 -86 0
-307 -87 0
-308 -88 0
-309 -89 0
-310 -90 0
-301 -181 0
-302 -182 0
-303 -183 0
-304 -184 0
-305 -185 0
-306 -186 0
-307 -187 0
-308 -188 0
-309 -189 0
-310 -190 0
-301 -41 0
-302 -42 0
-303 -43 0
-304 -44 0
-305 -45 0
-306 -46 0
-307 -47 0
-308 -48 0
-309 -49 0
-310 -50 0
320 319 318 317 316 315 314 313 312 311 0
-311 -312 0
-311 -313 0
-311 -314 0
-311 -315 0
-311 -316 0
-311 -317 0
-311 -318 0
-311 -319 0
-311 -320 0
-312 -313 0
-312 -314 0
-312 -315 0
-312 -316 0
-312 -317 0
-312 -318 0
-312 -319 0
-312 -320 0
-313 -314 0
-313 -315 0
-313 -316 0
-313 -317 0
-313 -318 0
-313 -319 0
-313 -320 0
-314 -315 0
-314 -316 0
-314 -317 0
-314 -318 0
-314 -319 0
-314 -320 0
-315 -316 0
-315 -317 0
-315 -318 0
-315 -319 0
-315 -320 0
-316 -317 0
-316 -318 0
-316 -319 0
-316 -320 0
-317 -318 0
-317 -319 0
-317 -320 0
-318 -319 0
-318 -320 0
-319 -320 0
-311 -61 0
-312 -62 0
-313 -63 0
-314 -64 0
-315 -65 0
-316 -66 0
-317 -67 0
-318 -68 0
-319 -69 0
-320 -70 0
-311 -261 0
-312 -262 0
-313 -263 0
-314 -264 0
-315 -265 0
-316 -266 0
-317 -267 0
-318 -268 0
-319 -269 0
-320 -270 0
-311 -71 0
-312 -72 0
-313 -73 0
-314 -74 0
-315 -75 0
-316 -76 0
-317 -77 0
-318 -78 0
-319 -79 0
-320 -80 0
-311 -391 0
-312 -392 0
-313 -393 0
-314 -394 0
-315 -395 0
-316 -396 0
-317 -397 0
-318 -398 0
-319 -399 0
-320 -400 0
-311 -241 0
-312 -242 0
-313 -243 0
-314 -244 0
-315 -245 0
-316 -246 0
-317 -247 0
-318 -248 0
-319 -249 0
-320 -250 0
330 329 328 327 326 325 324 323 322 321 0
-321 -322 0
-321 -323 0
-321 -324 0
-321 -325 0
-321 -326 0
-321 -327 0
-321 -328 0
-321 -329 0
-321 -330 0
-322 -323 0
-322 -324 0
-322 -325 0
-322 -326 0
-322 -327 0
-322 -328 0
-322 -329 0
-322 -330 0
-323 -324 0
-323 -325 0
-323 -326 0
-323 -327 0
-323 -328 0
-323 -329 0
-323 -330 0
-324 -325 0
-324 -326 0
-324 -327 0
-324 -328 0
-324 -329 0
-324 -330 0
-325 -326 0
-325 -327 0
-325 -328 0
-325 -329 0
-325 -330 0
-326 -327 0
-326 -328 0
-326 -329 0
-326 -330 0
-327 -328 0
-327 -329 0
-327 -330 0
-328 -329 0
-328 -330 0
-329 -330 0
-321 -241 0
-322 -242 0
-323 -243 0
-324 -244 0
-325 -245 0
-326 -246 0
-327 -247 0
-328 -248 0
-329 -249 0
-330 -250 0
-321 -1 0
-322 -2 0
-323 -3 0
-324 -4 0
-325 -5 0
-326 -6 0
-327 -7 0
-328 -8 0
-329 -9 0
-330 -10 0
340 339 338 337 336 335 334 333 332 331 0
-331 -332 0
-331 -333 0
-331 -334 0
-331 -335 0
-331 -336 0
-331 -337 0
-331 -338 0
-331 -339 0
-331 -340 0
-332 -333 0
-332 -334 0
-332 -335 0
-332 -336 0
-332 -337 0
-332 -338 0
-332 -339 0
-332 -340 0
-333 -334 0
-333 -335 0
-333 -336 0
-333 -337 0
-333 -338 0
-333 -339 0
-333 -340 0
-334 -335 0
-334 -336 0
-334 -337 0
-334 -338 0
-334 -339 0
-334 -340 0
-335 -336 0
-335 -337 0
-335 -338 0
-335 -339 0
-335 -340 0
-336 -337 0
-336 -338 0
-336 -339 0
-336 -340 0
-337 -338 0
-337 -339 0
-337 -340 0
-338 -339 0
-338 -340 0
-339 -340 0
-331 -301 0
-332 -302 0
-333 -303 0
-334 -304 0
-335 -305 0
-336 -306 0
-337 -307 0
-338 -308 0
-339 -309 0
-340 -310 0
-331 -151 0
-332 -152 0
-333 -153 0
-334 -154 0
-335 -155 0
-336 -156 0
-337 -157 0
-338 -158 0
-339 -159 0
-340 -160 0
-331 -371 0
-332 -372 0
-333 -373 0
-334 -374 0
-335 -375 0
-336 -376 0
-337 -377 0
-338 -378 0
-339 -379 0
-340 -380 0
-331 -321 0
-332 -322 0
-333 -323 0
-334 -324 0
-335 -325 0
-336 -326 0
-337 -327 0
-338 -328 0
-339 -329 0
-340 -330 0
350 349 348 347 346 345 344 343 342 341 0
-341 -342 0
-341 -343 0
-341 -344 0
-341 -345 0
-341 -346 0
-341 -347 0
-341 -348 0
-341 -349 0
-341 -350 0
-342 -343 0
-342 -344 0
-342 -345 0
-342 -346 0
-342 -347 0
-342 -348 0
-342 -349 0
-342 -350 0
-343 -344 0
-343 -345 0
-343 -346 0
-343 -347 0
-343 -348 0
-343 -349 0
-343 -350 0
-344 -345 0
-344 -346 0
-344 -347 0
-344 -348 0
-344 -349 0
-344 -350 0
-345 -346 0
-345 -347 0
-345 -348 0
-345 -349 0
-345 -350 0
-346 -347 0
-346 -348 0
-346 -349 0
-346 -350 0
-347 -348 0
-347 -349 0
-347 -350 0
-348 -349 0
-348 -350 0
-349 -350 0
-341 -291 0
-342 -292 0
-343 -293 0
-344 -294 0
-345 -295 0
-346 -296 0
-347 -297 0
-348 -298 0
-349 -299 0
-350 -300 0
-341 -81 0
-342 -82 0
-343 -83 0
-344 -84 0
-345 -85 0
-346 -86 0
-347 -87 0
-348 -88 0
-349 -89 0
-350 -90 0
-341 -191 0
-342 -192 0
-343 -193 0
-344 -194 0
-345 -195 0
-346 -196 0
-347 -197 0
-348 -198 0
-349 -199 0
-350 -200 0
-341 -321 0
-342 -322 0
-343 -323 0
-344 -324 0
-345 -325 0
-346 -326 0
-347 -327 0
-348 -328 0
-349 -329 0
-350 -330 0
360 359 358 357 356 355 354 353 352 351 0
-351 -352 0
-351 -353 0
-351 -354 0
-351 -355 0
-351 -356 0
-351 -357 0
-351 -358 0
-351 -359 0
-351 -360 0
-352 -353 0
-352 -354 0
-352 -355 0
-352 -356 0
-352 -357 0
-352 -358 0
-352 -359 0
-352 -360 0
-353 -354 0
-353 -355 0
-353 -356 0
-353 -357 0
-353 -358 0
-353 -359 0
-353 -360 0
-354 -355 0
-354 -356 0
-354 -357 0
-354 -358 0
-354 -359 0
-354 -360 0
-355 -356 0
-355 -357 0
-355 -358 0
-355 -359 0
-355 -360 0
-356 -357 0
-356 -358 0
-356 -359 0
-356 -360 0
-357 -358 0
-357 -359 0
-357 -360 0
-358 -359 0
-358 -360 0
-359 -360 0
-351 -301 0
-352 -302 0
-353 -303 0
-354 -304 0
-355 -305 0
-356 -306 0
-357 -307 0
-358 -308 0
-359 -309 0
-360 -310 0
-351 -161 0
-352 -162 0
-353 -163 0
-354 -164 0
-355 -165 0
-356 -166 0
-357 -167 0
-358 -168 0
-359 -169 0
-360 -170 0
-351 -261 0
-352 -262 0
-353 -263 0
-354 -264 0
-355 -265 0
-356 -266 0
-357 -267 0
-358 -268 0
-359 -269 0
-360 -270 0
-351 -51 0
-352 -52 0
-353 -53 0
-354 -54 0
-355 -55 0
-356 -56 0
-357 -57 0
-358 -58 0
-359 -59 0
-360 -60 0
-351 -311 0
-352 -312 0
-353 -313 0
-354 -314 0
-355 -315 0
-356 -316 0
-357 -317 0
-358 -318 0
-359 -319 0
-360 -320 0
-351 -211 0
-352 -212 0
-353 -213 0
-354 -214 0
-355 -215 0
-356 -216 0
-357 -217 0
-358 -218 0
-359 -219 0
-360 -220 0
-351 -331 0
-352 -332 0
-353 -333 0
-354 -334 0
-355 -335 0
-356 -336 0
-357 -337 0
-358 -338 0
-359 -339 0
-360 -340 0
370 369 368 367 366 365 364 363 362 361 0
-361 -362 0
-361 -363 0
-361 -364 0
-361 -365 0
-361 -366 0
-361 -367 0
-361 -368 0
-361 -369 0
-361 -370 0
-362 -363 0
-362 -364 0
-362 -365 0
-362 -366 0
-362 -367 0
-362 -368 0
-362 -369 0
-362 -370 0
-363 -364 0
-363 -365 0
-363 -366 0
-363 -367 0
-363 -368 0
-363 -369 0
-363 -370 0
-364 -365 0
-364 -366 0
-364 -367 0
-364 -368 0
-364 -369 0
-364 -370 0
-365 -366 0
-365 -367 0
-365 -368 0
-365 -369 0
-365 -370 0
-366 -367 0
-366 -368 0
-366 -369 0
-366 -370 0
-367 -368 0
-367 -369 0
-367 -370 0
-368 -369 0
-368 -370 0
-369 -370 0
-361 -221 0
-362 -222 0
-363 -223 0
-364 -224 0
-365 -225 0
-366 -226 0
-367 -227 0
-368 -228 0
-369 -229 0
-370 -230 0
-361 -151 0
-362 -152 0
-363 -153 0
-364 -154 0
-365 -155 0
-366 -156 0
-367 -157 0
-368 -158 0
-369 -159 0
-370 -160 0
380 379 378 377 376 375 374 373 372 371 0
-371 -372 0
-371 -373 0
-371 -374 0
-371 -375 0
-371 -376 0
-371 -377 0
-371 -378 0
-371 -379 0
-371 -380 0
-372 -373 0
-372 -374 0
-372 -375 0
-372 -376 0
-372 -377 0
-372 -378 0
-372 -379 0
-372 -380 0
-373 -374 0
-373 -375 0
-373 -376 0
-373 -377 0
-373 -378 0
-373 -379 0
-373 -380 0
-374 -375 0
-374 -376 0
-374 -377 0
-374 -378 0
-374 -379 0
-374 -380 0
-375 -376 0
-375 -377 0
-375 -378 0
-375 -379 0
-375 -380 0
-376 -377 0
-376 -378 0
-376 -379 0
-376 -380 0
-377 -378 0
-377 -379 0
-377 -380 0
-378 -379 0
-378 -380 0
-379 -380 0
-371 -231 0
-372 -232 0
-373 -233 0
-374 -234 0
-375 -235 0
-376 -236 0
-377 -237 0
-378 -238 0
-379 -239 0
-380 -240 0
-371 -321 0
-372 -322 0
-373 -323 0
-374 -324 0
-375 -325 0
-376 -326 0
-377 -327 0
-378 -328 0
-379 -329 0
-380 -330 0
-371 -141 0
-372 -142 0
-373 -143 0
-374 -144 0
-375 -145 0
-376 -146 0
-377 -147 0
-378 -148 0
-379 -149 0
-380 -150 0
-371 -11 0
-372 -12 0
-373 -13 0
-374 -14 0
-375 -15 0
-376 -16 0
-377 -17 0
-378 -18 0
-379 -19 0
-380 -20 0
-371 -101 0
-372 -102 0
-373 -103 0
-374 -104 0
-375 -105 0
-376 -106 0
-377 -107 0
-378 -108 0
-379 -109 0
-380 -110 0
-371 -131 0
-372 -132 0
-373 -133 0
-374 -134 0
-375 -135 0
-376 -136 0
-377 -137 0
-378 -138 0
-379 -139 0
-380 -140 0
-371 -351 0
-372 -352 0
-373 -353 0
-374 -354 0
-375 -355 0
-376 -356 0
-377 -357 0
-378 -358 0
-379 -359 0
-380 -360 0
390 389 388 387 386 385 384 383 382 381 0
-381 -382 0
-381 -383 0
-381 -384 0
-381 -385 0
-381 -386 0
-381 -387 0
-381 -388 0
-381 -389 0
-381 -390 0
-382 -383 0
-382 -384 0
-382 -385 0
-382 -386 0
-382 -387 0
-382 -388 0
-382 -389 0
-382 -390 0
-383 -384 0
-383 -385 0
-383 -386 0
-383 -387 0
-383 -388 0
-383 -389 0
-383 -390 0
-384 -385 0
-384 -386 0
-384 -387 0
-384 -388 0
-384 -389 0
-384 -390 0
-385 -386 0
-385 -387 0
-385 -388 0
-385 -389 0
-385 -390 0
-386 -387 0
-386 -388 0
-386 -389 0
-386 -390 0
-387 -388 0
-387 -389 0
-387 -390 0
-388 -389 0
-388 -390 0
-389 -390 0
-381 -121 0
-382 -122 0
-383 -123 0
-384 -124 0
-385 -125 0
-386 -126 0
-387 -127 0
-388 -128 0
-389 -129 0
-390 -130 0
400 399 398 397 396 395 394 393 392 391 0
-391 -392 0
-391 -393 0
-391 -394 0
-391 -395 0
-391 -396 0
-391 -397 0
-391 -398 0
-391 -399 0
-391 -400 0
-392 -393 0
-392 -394 0
-392 -395 0
-392 -396 0
-392 -397 0
-392 -398 0
-392 -399 0
-392 -400 0
-393 -394 0
-393 -395 0
-393 -396 0
-393 -397 0
-393 -398 0
-393 -399 0
-393 -400 0
-394 -395 0
-394 -396 0
-394 -397 0
-394 -398 0
-394 -399 0
-394 -400 0
-395 -396 0
-395 -397 0
-395 -398 0
-395 -399 0
-395 -400 0
-396 -397 0
-396 -398 0
-396 -399 0
-396 -400 0
-397 -398 0
-397 -399 0
-397 -400 0
-398 -399 0
-398 -400 0
-399 -400 0
-391 -171 0
-392 -172 0
-393 -173 0
-394 -174 0
-395 -175 0
-396 -176 0
-397 -177 0
-398 -178 0
-399 -179 0
-400 -180 0
-391 -51 0
-392 -52 0
-393 -53 0
-394 -54 0
-395 -55 0
-396 -56 0
-397 -57 0
-398 -58 0
-399 -59 0
-400 -60 0
-391 -11 0
-392 -12 0
-393 -13 0
-394 -14 0
-395 -15 0
-396 -16 0
-397 -17 0
-398 -18 0
-399 -19 0
-400 -20 0
1 0
142 0
