c Graph Colouring to DIMACS
c Number of vertices: 25 Number of colours: 17
p cnf 425 8424
1 0
17 16 15 14 13 12 11 10 9 8 7 6 5 4 3 2 1 0
-1 -2 0
-1 -3 0
-1 -4 0
-1 -5 0
-1 -6 0
-1 -7 0
-1 -8 0
-1 -9 0
-1 -10 0
-1 -11 0
-1 -12 0
-1 -13 0
-1 -14 0
-1 -15 0
-1 -16 0
-1 -17 0
-2 -3 0
-2 -4 0
-2 -5 0
-2 -6 0
-2 -7 0
-2 -8 0
-2 -9 0
-2 -10 0
-2 -11 0
-2 -12 0
-2 -13 0
-2 -14 0
-2 -15 0
-2 -16 0
-2 -17 0
-3 -4 0
-3 -5 0
-3 -6 0
-3 -7 0
-3 -8 0
-3 -9 0
-3 -10 0
-3 -11 0
-3 -12 0
-3 -13 0
-3 -14 0
-3 -15 0
-3 -16 0
-3 -17 0
-4 -5 0
-4 -6 0
-4 -7 0
-4 -8 0
-4 -9 0
-4 -10 0
-4 -11 0
-4 -12 0
-4 -13 0
-4 -14 0
-4 -15 0
-4 -16 0
-4 -17 0
-5 -6 0
-5 -7 0
-5 -8 0
-5 -9 0
-5 -10 0
-5 -11 0
-5 -12 0
-5 -13 0
-5 -14 0
-5 -15 0
-5 -16 0
-5 -17 0
-6 -7 0
-6 -8 0
-6 -9 0
-6 -10 0
-6 -11 0
-6 -12 0
-6 -13 0
-6 -14 0
-6 -15 0
-6 -16 0
-6 -17 0
-7 -8 0
-7 -9 0
-7 -10 0
-7 -11 0
-7 -12 0
-7 -13 0
-7 -14 0
-7 -15 0
-7 -16 0
-7 -17 0
-8 -9 0
-8 -10 0
-8 -11 0
-8 -12 0
-8 -13 0
-8 -14 0
-8 -15 0
-8 -16 0
-8 -17 0
-9 -10 0
-9 -11 0
-9 -12 0
-9 -13 0
-9 -14 0
-9 -15 0
-9 -16 0
-9 -17 0
-10 -11 0
-10 -12 0
-10 -13 0
-10 -14 0
-10 -15 0
-10 -16 0
-10 -17 0
-11 -12 0
-11 -13 0
-11 -14 0
-11 -15 0
-11 -16 0
-11 -17 0
-12 -13 0
-12 -14 0
-12 -15 0
-12 -16 0
-12 -17 0
-13 -14 0
-13 -15 0
-13 -16 0
-13 -17 0
-14 -15 0
-14 -16 0
-14 -17 0
-15 -16 0
-15 -17 0
-16 -17 0
-1 -52 0
-2 -53 0
-3 -54 0
-4 -55 0
-5 -56 0
-6 -57 0
-7 -58 0
-8 -59 0
-9 -60 0
-10 -61 0
-11 -62 0
-12 -63 0
-13 -64 0
-14 -65 0
-15 -66 0
-16 -67 0
-17 -68 0
-1 -69 0
-2 -70 0
-3 -71 0
-4 -72 0
-5 -73 0
-6 -74 0
-7 -75 0
-8 -76 0
-9 -77 0
-10 -78 0
-11 -79 0
-12 -80 0
-13 -81 0
-14 -82 0
-15 -83 0
-16 -84 0
-17 -85 0
-1 -103 0
-2 -104 0
-3 -105 0
-4 -106 0
-5 -107 0
-6 -108 0
-7 -109 0
-8 -110 0
-9 -111 0
-10 -112 0
-11 -113 0
-12 -114 0
-13 -115 0
-14 -116 0
-15 -117 0
-16 -118 0
-17 -119 0
-1 -137 0
-2 -138 0
-3 -139 0
-4 -140 0
-5 -141 0
-6 -142 0
-7 -143 0
-8 -144 0
-9 -145 0
-10 -146 0
-11 -147 0
-12 -148 0
-13 -149 0
-14 -150 0
-15 -151 0
-16 -152 0
-17 -153 0
-1 -171 0
-2 -172 0
-3 -173 0
-4 -174 0
-5 -175 0
-6 -176 0
-7 -177 0
-8 -178 0
-9 -179 0
-10 -180 0
-11 -181 0
-12 -182 0
-13 -183 0
-14 -184 0
-15 -185 0
-16 -186 0
-17 -187 0
-1 -205 0
-2 -206 0
-3 -207 0
-4 -208 0
-5 -209 0
-6 -210 0
-7 -211 0
-8 -212 0
-9 -213 0
-10 -214 0
-11 -215 0
-12 -216 0
-13 -217 0
-14 -218 0
-15 -219 0
-16 -220 0
-17 -221 0
-1 -256 0
-2 -257 0
-3 -258 0
-4 -259 0
-5 -260 0
-6 -261 0
-7 -262 0
-8 -263 0
-9 -264 0
-10 -265 0
-11 -266 0
-12 -267 0
-13 -268 0
-14 -269 0
-15 -270 0
-16 -271 0
-17 -272 0
-1 -273 0
-2 -274 0
-3 -275 0
-4 -276 0
-5 -277 0
-6 -278 0
-7 -279 0
-8 -280 0
-9 -281 0
-10 -282 0
-11 -283 0
-12 -284 0
-13 -285 0
-14 -286 0
-15 -287 0
-16 -288 0
-17 -289 0
-1 -290 0
-2 -291 0
-3 -292 0
-4 -293 0
-5 -294 0
-6 -295 0
-7 -296 0
-8 -297 0
-9 -298 0
-10 -299 0
-11 -300 0
-12 -301 0
-13 -302 0
-14 -303 0
-15 -304 0
-16 -305 0
-17 -306 0
-1 -307 0
-2 -308 0
-3 -309 0
-4 -310 0
-5 -311 0
-6 -312 0
-7 -313 0
-8 -314 0
-9 -315 0
-10 -316 0
-11 -317 0
-12 -318 0
-13 -319 0
-14 -320 0
-15 -321 0
-16 -322 0
-17 -323 0
-1 -341 0
-2 -342 0
-3 -343 0
-4 -344 0
-5 -345 0
-6 -346 0
-7 -347 0
-8 -348 0
-9 -349 0
-10 -350 0
-11 -351 0
-12 -352 0
-13 -353 0
-14 -354 0
-15 -355 0
-16 -356 0
-17 -357 0
-1 -358 0
-2 -359 0
-3 -360 0
-4 -361 0
-5 -362 0
-6 -363 0
-7 -364 0
-8 -365 0
-9 -366 0
-10 -367 0
-11 -368 0
-12 -369 0
-13 -370 0
-14 -371 0
-15 -372 0
-16 -373 0
-17 -374 0
34 33 32 31 30 29 28 27 26 25 24 23 22 21 20 19 18 0
-18 -19 0
-18 -20 0
-18 -21 0
-18 -22 0
-18 -23 0
-18 -24 0
-18 -25 0
-18 -26 0
-18 -27 0
-18 -28 0
-18 -29 0
-18 -30 0
-18 -31 0
-18 -32 0
-18 -33 0
-18 -34 0
-19 -20 0
-19 -21 0
-19 -22 0
-19 -23 0
-19 -24 0
-19 -25 0
-19 -26 0
-19 -27 0
-19 -28 0
-19 -29 0
-19 -30 0
-19 -31 0
-19 -32 0
-19 -33 0
-19 -34 0
-20 -21 0
-20 -22 0
-20 -23 0
-20 -24 0
-20 -25 0
-20 -26 0
-20 -27 0
-20 -28 0
-20 -29 0
-20 -30 0
-20 -31 0
-20 -32 0
-20 -33 0
-20 -34 0
-21 -22 0
-21 -23 0
-21 -24 0
-21 -25 0
-21 -26 0
-21 -27 0
-21 -28 0
-21 -29 0
-21 -30 0
-21 -31 0
-21 -32 0
-21 -33 0
-21 -34 0
-22 -23 0
-22 -24 0
-22 -25 0
-22 -26 0
-22 -27 0
-22 -28 0
-22 -29 0
-22 -30 0
-22 -31 0
-22 -32 0
-22 -33 0
-22 -34 0
-23 -24 0
-23 -25 0
-23 -26 0
-23 -27 0
-23 -28 0
-23 -29 0
-23 -30 0
-23 -31 0
-23 -32 0
-23 -33 0
-23 -34 0
-24 -25 0
-24 -26 0
-24 -27 0
-24 -28 0
-24 -29 0
-24 -30 0
-24 -31 0
-24 -32 0
-24 -33 0
-24 -34 0
-25 -26 0
-25 -27 0
-25 -28 0
-25 -29 0
-25 -30 0
-25 -31 0
-25 -32 0
-25 -33 0
-25 -34 0
-26 -27 0
-26 -28 0
-26 -29 0
-26 -30 0
-26 -31 0
-26 -32 0
-26 -33 0
-26 -34 0
-27 -28 0
-27 -29 0
-27 -30 0
-27 -31 0
-27 -32 0
-27 -33 0
-27 -34 0
-28 -29 0
-28 -30 0
-28 -31 0
-28 -32 0
-28 -33 0
-28 -34 0
-29 -30 0
-29 -31 0
-29 -32 0
-29 -33 0
-29 -34 0
-30 -31 0
-30 -32 0
-30 -33 0
-30 -34 0
-31 -32 0
-31 -33 0
-31 -34 0
-32 -33 0
-32 -34 0
-33 -34 0
-18 -69 0
-19 -70 0
-20 -71 0
-21 -72 0
-22 -73 0
-23 -74 0
-24 -75 0
-25 -76 0
-26 -77 0
-27 -78 0
-28 -79 0
-29 -80 0
-30 -81 0
-31 -82 0
-32 -83 0
-33 -84 0
-34 -85 0
-18 -103 0
-19 -104 0
-20 -105 0
-21 -106 0
-22 -107 0
-23 -108 0
-24 -109 0
-25 -110 0
-26 -111 0
-27 -112 0
-28 -113 0
-29 -114 0
-30 -115 0
-31 -116 0
-32 -117 0
-33 -118 0
-34 -119 0
-18 -120 0
-19 -121 0
-20 -122 0
-21 -123 0
-22 -124 0
-23 -125 0
-24 -126 0
-25 -127 0
-26 -128 0
-27 -129 0
-28 -130 0
-29 -131 0
-30 -132 0
-31 -133 0
-32 -134 0
-33 -135 0
-34 -136 0
-18 -154 0
-19 -155 0
-20 -156 0
-21 -157 0
-22 -158 0
-23 -159 0
-24 -160 0
-25 -161 0
-26 -162 0
-27 -163 0
-28 -164 0
-29 -165 0
-30 -166 0
-31 -167 0
-32 -168 0
-33 -169 0
-34 -170 0
-18 -171 0
-19 -172 0
-20 -173 0
-21 -174 0
-22 -175 0
-23 -176 0
-24 -177 0
-25 -178 0
-26 -179 0
-27 -180 0
-28 -181 0
-29 -182 0
-30 -183 0
-31 -184 0
-32 -185 0
-33 -186 0
-34 -187 0
-18 -188 0
-19 -189 0
-20 -190 0
-21 -191 0
-22 -192 0
-23 -193 0
-24 -194 0
-25 -195 0
-26 -196 0
-27 -197 0
-28 -198 0
-29 -199 0
-30 -200 0
-31 -201 0
-32 -202 0
-33 -203 0
-34 -204 0
-18 -205 0
-19 -206 0
-20 -207 0
-21 -208 0
-22 -209 0
-23 -210 0
-24 -211 0
-25 -212 0
-26 -213 0
-27 -214 0
-28 -215 0
-29 -216 0
-30 -217 0
-31 -218 0
-32 -219 0
-33 -220 0
-34 -221 0
-18 -222 0
-19 -223 0
-20 -224 0
-21 -225 0
-22 -226 0
-23 -227 0
-24 -228 0
-25 -229 0
-26 -230 0
-27 -231 0
-28 -232 0
-29 -233 0
-30 -234 0
-31 -235 0
-32 -236 0
-33 -237 0
-34 -238 0
-18 -341 0
-19 -342 0
-20 -343 0
-21 -344 0
-22 -345 0
-23 -346 0
-24 -347 0
-25 -348 0
-26 -349 0
-27 -350 0
-28 -351 0
-29 -352 0
-30 -353 0
-31 -354 0
-32 -355 0
-33 -356 0
-34 -357 0
-18 -358 0
-19 -359 0
-20 -360 0
-21 -361 0
-22 -362 0
-23 -363 0
-24 -364 0
-25 -365 0
-26 -366 0
-27 -367 0
-28 -368 0
-29 -369 0
-30 -370 0
-31 -371 0
-32 -372 0
-33 -373 0
-34 -374 0
-18 -375 0
-19 -376 0
-20 -377 0
-21 -378 0
-22 -379 0
-23 -380 0
-24 -381 0
-25 -382 0
-26 -383 0
-27 -384 0
-28 -385 0
-29 -386 0
-30 -387 0
-31 -388 0
-32 -389 0
-33 -390 0
-34 -391 0
51 50 49 48 47 46 45 44 43 42 41 40 39 38 37 36 35 0
-35 -36 0
-35 -37 0
-35 -38 0
-35 -39 0
-35 -40 0
-35 -41 0
-35 -42 0
-35 -43 0
-35 -44 0
-35 -45 0
-35 -46 0
-35 -47 0
-35 -48 0
-35 -49 0
-35 -50 0
-35 -51 0
-36 -37 0
-36 -38 0
-36 -39 0
-36 -40 0
-36 -41 0
-36 -42 0
-36 -43 0
-36 -44 0
-36 -45 0
-36 -46 0
-36 -47 0
-36 -48 0
-36 -49 0
-36 -50 0
-36 -51 0
-37 -38 0
-37 -39 0
-37 -40 0
-37 -41 0
-37 -42 0
-37 -43 0
-37 -44 0
-37 -45 0
-37 -46 0
-37 -47 0
-37 -48 0
-37 -49 0
-37 -50 0
-37 -51 0
-38 -39 0
-38 -40 0
-38 -41 0
-38 -42 0
-38 -43 0
-38 -44 0
-38 -45 0
-38 -46 0
-38 -47 0
-38 -48 0
-38 -49 0
-38 -50 0
-38 -51 0
-39 -40 0
-39 -41 0
-39 -42 0
-39 -43 0
-39 -44 0
-39 -45 0
-39 -46 0
-39 -47 0
-39 -48 0
-39 -49 0
-39 -50 0
-39 -51 0
-40 -41 0
-40 -42 0
-40 -43 0
-40 -44 0
-40 -45 0
-40 -46 0
-40 -47 0
-40 -48 0
-40 -49 0
-40 -50 0
-40 -51 0
-41 -42 0
-41 -43 0
-41 -44 0
-41 -45 0
-41 -46 0
-41 -47 0
-41 -48 0
-41 -49 0
-41 -50 0
-41 -51 0
-42 -43 0
-42 -44 0
-42 -45 0
-42 -46 0
-42 -47 0
-42 -48 0
-42 -49 0
-42 -50 0
-42 -51 0
-43 -44 0
-43 -45 0
-43 -46 0
-43 -47 0
-43 -48 0
-43 -49 0
-43 -50 0
-43 -51 0
-44 -45 0
-44 -46 0
-44 -47 0
-44 -48 0
-44 -49 0
-44 -50 0
-44 -51 0
-45 -46 0
-45 -47 0
-45 -48 0
-45 -49 0
-45 -50 0
-45 -51 0
-46 -47 0
-46 -48 0
-46 -49 0
-46 -50 0
-46 -51 0
-47 -48 0
-47 -49 0
-47 -50 0
-47 -51 0
-48 -49 0
-48 -50 0
-48 -51 0
-49 -50 0
-49 -51 0
-50 -51 0
-35 -69 0
-36 -70 0
-37 -71 0
-38 -72 0
-39 -73 0
-40 -74 0
-41 -75 0
-42 -76 0
-43 -77 0
-44 -78 0
-45 -79 0
-46 -80 0
-47 -81 0
-48 -82 0
-49 -83 0
-50 -84 0
-51 -85 0
-35 -86 0
-36 -87 0
-37 -88 0
-38 -89 0
-39 -90 0
-40 -91 0
-41 -92 0
-42 -93 0
-43 -94 0
-44 -95 0
-45 -96 0
-46 -97 0
-47 -98 0
-48 -99 0
-49 -100 0
-50 -101 0
-51 -102 0
-35 -103 0
-36 -104 0
-37 -105 0
-38 -106 0
-39 -107 0
-40 -108 0
-41 -109 0
-42 -110 0
-43 -111 0
-44 -112 0
-45 -113 0
-46 -114 0
-47 -115 0
-48 -116 0
-49 -117 0
-50 -118 0
-51 -119 0
-35 -154 0
-36 -155 0
-37 -156 0
-38 -157 0
-39 -158 0
-40 -159 0
-41 -160 0
-42 -161 0
-43 -162 0
-44 -163 0
-45 -164 0
-46 -165 0
-47 -166 0
-48 -167 0
-49 -168 0
-50 -169 0
-51 -170 0
-35 -256 0
-36 -257 0
-37 -258 0
-38 -259 0
-39 -260 0
-40 -261 0
-41 -262 0
-42 -263 0
-43 -264 0
-44 -265 0
-45 -266 0
-46 -267 0
-47 -268 0
-48 -269 0
-49 -270 0
-50 -271 0
-51 -272 0
-35 -273 0
-36 -274 0
-37 -275 0
-38 -276 0
-39 -277 0
-40 -278 0
-41 -279 0
-42 -280 0
-43 -281 0
-44 -282 0
-45 -283 0
-46 -284 0
-47 -285 0
-48 -286 0
-49 -287 0
-50 -288 0
-51 -289 0
-35 -290 0
-36 -291 0
-37 -292 0
-38 -293 0
-39 -294 0
-40 -295 0
-41 -296 0
-42 -297 0
-43 -298 0
-44 -299 0
-45 -300 0
-46 -301 0
-47 -302 0
-48 -303 0
-49 -304 0
-50 -305 0
-51 -306 0
-35 -307 0
-36 -308 0
-37 -309 0
-38 -310 0
-39 -311 0
-40 -312 0
-41 -313 0
-42 -314 0
-43 -315 0
-44 -316 0
-45 -317 0
-46 -318 0
-47 -319 0
-48 -320 0
-49 -321 0
-50 -322 0
-51 -323 0
-35 -324 0
-36 -325 0
-37 -326 0
-38 -327 0
-39 -328 0
-40 -329 0
-41 -330 0
-42 -331 0
-43 -332 0
-44 -333 0
-45 -334 0
-46 -335 0
-47 -336 0
-48 -337 0
-49 -338 0
-50 -339 0
-51 -340 0
-35 -341 0
-36 -342 0
-37 -343 0
-38 -344 0
-39 -345 0
-40 -346 0
-41 -347 0
-42 -348 0
-43 -349 0
-44 -350 0
-45 -351 0
-46 -352 0
-47 -353 0
-48 -354 0
-49 -355 0
-50 -356 0
-51 -357 0
-35 -358 0
-36 -359 0
-37 -360 0
-38 -361 0
-39 -362 0
-40 -363 0
-41 -364 0
-42 -365 0
-43 -366 0
-44 -367 0
-45 -368 0
-46 -369 0
-47 -370 0
-48 -371 0
-49 -372 0
-50 -373 0
-51 -374 0
-35 -375 0
-36 -376 0
-37 -377 0
-38 -378 0
-39 -379 0
-40 -380 0
-41 -381 0
-42 -382 0
-43 -383 0
-44 -384 0
-45 -385 0
-46 -386 0
-47 -387 0
-48 -388 0
-49 -389 0
-50 -390 0
-51 -391 0
68 67 66 65 64 63 62 61 60 59 58 57 56 55 54 53 52 0
-52 -53 0
-52 -54 0
-52 -55 0
-52 -56 0
-52 -57 0
-52 -58 0
-52 -59 0
-52 -60 0
-52 -61 0
-52 -62 0
-52 -63 0
-52 -64 0
-52 -65 0
-52 -66 0
-52 -67 0
-52 -68 0
-53 -54 0
-53 -55 0
-53 -56 0
-53 -57 0
-53 -58 0
-53 -59 0
-53 -60 0
-53 -61 0
-53 -62 0
-53 -63 0
-53 -64 0
-53 -65 0
-53 -66 0
-53 -67 0
-53 -68 0
-54 -55 0
-54 -56 0
-54 -57 0
-54 -58 0
-54 -59 0
-54 -60 0
-54 -61 0
-54 -62 0
-54 -63 0
-54 -64 0
-54 -65 0
-54 -66 0
-54 -67 0
-54 -68 0
-55 -56 0
-55 -57 0
-55 -58 0
-55 -59 0
-55 -60 0
-55 -61 0
-55 -62 0
-55 -63 0
-55 -64 0
-55 -65 0
-55 -66 0
-55 -67 0
-55 -68 0
-56 -57 0
-56 -58 0
-56 -59 0
-56 -60 0
-56 -61 0
-56 -62 0
-56 -63 0
-56 -64 0
-56 -65 0
-56 -66 0
-56 -67 0
-56 -68 0
-57 -58 0
-57 -59 0
-57 -60 0
-57 -61 0
-57 -62 0
-57 -63 0
-57 -64 0
-57 -65 0
-57 -66 0
-57 -67 0
-57 -68 0
-58 -59 0
-58 -60 0
-58 -61 0
-58 -62 0
-58 -63 0
-58 -64 0
-58 -65 0
-58 -66 0
-58 -67 0
-58 -68 0
-59 -60 0
-59 -61 0
-59 -62 0
-59 -63 0
-59 -64 0
-59 -65 0
-59 -66 0
-59 -67 0
-59 -68 0
-60 -61 0
-60 -62 0
-60 -63 0
-60 -64 0
-60 -65 0
-60 -66 0
-60 -67 0
-60 -68 0
-61 -62 0
-61 -63 0
-61 -64 0
-61 -65 0
-61 -66 0
-61 -67 0
-61 -68 0
-62 -63 0
-62 -64 0
-62 -65 0
-62 -66 0
-62 -67 0
-62 -68 0
-63 -64 0
-63 -65 0
-63 -66 0
-63 -67 0
-63 -68 0
-64 -65 0
-64 -66 0
-64 -67 0
-64 -68 0
-65 -66 0
-65 -67 0
-65 -68 0
-66 -67 0
-66 -68 0
-67 -68 0
-52 -1 0
-53 -2 0
-54 -3 0
-55 -4 0
-56 -5 0
-57 -6 0
-58 -7 0
-59 -8 0
-60 -9 0
-61 -10 0
-62 -11 0
-63 -12 0
-64 -13 0
-65 -14 0
-66 -15 0
-67 -16 0
-68 -17 0
-52 -69 0
-53 -70 0
-54 -71 0
-55 -72 0
-56 -73 0
-57 -74 0
-58 -75 0
-59 -76 0
-60 -77 0
-61 -78 0
-62 -79 0
-63 -80 0
-64 -81 0
-65 -82 0
-66 -83 0
-67 -84 0
-68 -85 0
-52 -103 0
-53 -104 0
-54 -105 0
-55 -106 0
-56 -107 0
-57 -108 0
-58 -109 0
-59 -110 0
-60 -111 0
-61 -112 0
-62 -113 0
-63 -114 0
-64 -115 0
-65 -116 0
-66 -117 0
-67 -118 0
-68 -119 0
-52 -120 0
-53 -121 0
-54 -122 0
-55 -123 0
-56 -124 0
-57 -125 0
-58 -126 0
-59 -127 0
-60 -128 0
-61 -129 0
-62 -130 0
-63 -131 0
-64 -132 0
-65 -133 0
-66 -134 0
-67 -135 0
-68 -136 0
-52 -137 0
-53 -138 0
-54 -139 0
-55 -140 0
-56 -141 0
-57 -142 0
-58 -143 0
-59 -144 0
-60 -145 0
-61 -146 0
-62 -147 0
-63 -148 0
-64 -149 0
-65 -150 0
-66 -151 0
-67 -152 0
-68 -153 0
-52 -171 0
-53 -172 0
-54 -173 0
-55 -174 0
-56 -175 0
-57 -176 0
-58 -177 0
-59 -178 0
-60 -179 0
-61 -180 0
-62 -181 0
-63 -182 0
-64 -183 0
-65 -184 0
-66 -185 0
-67 -186 0
-68 -187 0
-52 -205 0
-53 -206 0
-54 -207 0
-55 -208 0
-56 -209 0
-57 -210 0
-58 -211 0
-59 -212 0
-60 -213 0
-61 -214 0
-62 -215 0
-63 -216 0
-64 -217 0
-65 -218 0
-66 -219 0
-67 -220 0
-68 -221 0
-52 -222 0
-53 -223 0
-54 -224 0
-55 -225 0
-56 -226 0
-57 -227 0
-58 -228 0
-59 -229 0
-60 -230 0
-61 -231 0
-62 -232 0
-63 -233 0
-64 -234 0
-65 -235 0
-66 -236 0
-67 -237 0
-68 -238 0
-52 -290 0
-53 -291 0
-54 -292 0
-55 -293 0
-56 -294 0
-57 -295 0
-58 -296 0
-59 -297 0
-60 -298 0
-61 -299 0
-62 -300 0
-63 -301 0
-64 -302 0
-65 -303 0
-66 -304 0
-67 -305 0
-68 -306 0
-52 -341 0
-53 -342 0
-54 -343 0
-55 -344 0
-56 -345 0
-57 -346 0
-58 -347 0
-59 -348 0
-60 -349 0
-61 -350 0
-62 -351 0
-63 -352 0
-64 -353 0
-65 -354 0
-66 -355 0
-67 -356 0
-68 -357 0
-52 -358 0
-53 -359 0
-54 -360 0
-55 -361 0
-56 -362 0
-57 -363 0
-58 -364 0
-59 -365 0
-60 -366 0
-61 -367 0
-62 -368 0
-63 -369 0
-64 -370 0
-65 -371 0
-66 -372 0
-67 -373 0
-68 -374 0
85 84 83 82 81 80 79 78 77 76 75 74 73 72 71 70 69 0
-69 -70 0
-69 -71 0
-69 -72 0
-69 -73 0
-69 -74 0
-69 -75 0
-69 -76 0
-69 -77 0
-69 -78 0
-69 -79 0
-69 -80 0
-69 -81 0
-69 -82 0
-69 -83 0
-69 -84 0
-69 -85 0
-70 -71 0
-70 -72 0
-70 -73 0
-70 -74 0
-70 -75 0
-70 -76 0
-70 -77 0
-70 -78 0
-70 -79 0
-70 -80 0
-70 -81 0
-70 -82 0
-70 -83 0
-70 -84 0
-70 -85 0
-71 -72 0
-71 -73 0
-71 -74 0
-71 -75 0
-71 -76 0
-71 -77 0
-71 -78 0
-71 -79 0
-71 -80 0
-71 -81 0
-71 -82 0
-71 -83 0
-71 -84 0
-71 -85 0
-72 -73 0
-72 -74 0
-72 -75 0
-72 -76 0
-72 -77 0
-72 -78 0
-72 -79 0
-72 -80 0
-72 -81 0
-72 -82 0
-72 -83 0
-72 -84 0
-72 -85 0
-73 -74 0
-73 -75 0
-73 -76 0
-73 -77 0
-73 -78 0
-73 -79 0
-73 -80 0
-73 -81 0
-73 -82 0
-73 -83 0
-73 -84 0
-73 -85 0
-74 -75 0
-74 -76 0
-74 -77 0
-74 -78 0
-74 -79 0
-74 -80 0
-74 -81 0
-74 -82 0
-74 -83 0
-74 -84 0
-74 -85 0
-75 -76 0
-75 -77 0
-75 -78 0
-75 -79 0
-75 -80 0
-75 -81 0
-75 -82 0
-75 -83 0
-75 -84 0
-75 -85 0
-76 -77 0
-76 -78 0
-76 -79 0
-76 -80 0
-76 -81 0
-76 -82 0
-76 -83 0
-76 -84 0
-76 -85 0
-77 -78 0
-77 -79 0
-77 -80 0
-77 -81 0
-77 -82 0
-77 -83 0
-77 -84 0
-77 -85 0
-78 -79 0
-78 -80 0
-78 -81 0
-78 -82 0
-78 -83 0
-78 -84 0
-78 -85 0
-79 -80 0
-79 -81 0
-79 -82 0
-79 -83 0
-79 -84 0
-79 -85 0
-80 -81 0
-80 -82 0
-80 -83 0
-80 -84 0
-80 -85 0
-81 -82 0
-81 -83 0
-81 -84 0
-81 -85 0
-82 -83 0
-82 -84 0
-82 -85 0
-83 -84 0
-83 -85 0
-84 -85 0
-69 -1 0
-70 -2 0
-71 -3 0
-72 -4 0
-73 -5 0
-74 -6 0
-75 -7 0
-76 -8 0
-77 -9 0
-78 -10 0
-79 -11 0
-80 -12 0
-81 -13 0
-82 -14 0
-83 -15 0
-84 -16 0
-85 -17 0
-69 -18 0
-70 -19 0
-71 -20 0
-72 -21 0
-73 -22 0
-74 -23 0
-75 -24 0
-76 -25 0
-77 -26 0
-78 -27 0
-79 -28 0
-80 -29 0
-81 -30 0
-82 -31 0
-83 -32 0
-84 -33 0
-85 -34 0
-69 -35 0
-70 -36 0
-71 -37 0
-72 -38 0
-73 -39 0
-74 -40 0
-75 -41 0
-76 -42 0
-77 -43 0
-78 -44 0
-79 -45 0
-80 -46 0
-81 -47 0
-82 -48 0
-83 -49 0
-84 -50 0
-85 -51 0
-69 -52 0
-70 -53 0
-71 -54 0
-72 -55 0
-73 -56 0
-74 -57 0
-75 -58 0
-76 -59 0
-77 -60 0
-78 -61 0
-79 -62 0
-80 -63 0
-81 -64 0
-82 -65 0
-83 -66 0
-84 -67 0
-85 -68 0
-69 -103 0
-70 -104 0
-71 -105 0
-72 -106 0
-73 -107 0
-74 -108 0
-75 -109 0
-76 -110 0
-77 -111 0
-78 -112 0
-79 -113 0
-80 -114 0
-81 -115 0
-82 -116 0
-83 -117 0
-84 -118 0
-85 -119 0
-69 -120 0
-70 -121 0
-71 -122 0
-72 -123 0
-73 -124 0
-74 -125 0
-75 -126 0
-76 -127 0
-77 -128 0
-78 -129 0
-79 -130 0
-80 -131 0
-81 -132 0
-82 -133 0
-83 -134 0
-84 -135 0
-85 -136 0
-69 -137 0
-70 -138 0
-71 -139 0
-72 -140 0
-73 -141 0
-74 -142 0
-75 -143 0
-76 -144 0
-77 -145 0
-78 -146 0
-79 -147 0
-80 -148 0
-81 -149 0
-82 -150 0
-83 -151 0
-84 -152 0
-85 -153 0
-69 -171 0
-70 -172 0
-71 -173 0
-72 -174 0
-73 -175 0
-74 -176 0
-75 -177 0
-76 -178 0
-77 -179 0
-78 -180 0
-79 -181 0
-80 -182 0
-81 -183 0
-82 -184 0
-83 -185 0
-84 -186 0
-85 -187 0
-69 -188 0
-70 -189 0
-71 -190 0
-72 -191 0
-73 -192 0
-74 -193 0
-75 -194 0
-76 -195 0
-77 -196 0
-78 -197 0
-79 -198 0
-80 -199 0
-81 -200 0
-82 -201 0
-83 -202 0
-84 -203 0
-85 -204 0
-69 -205 0
-70 -206 0
-71 -207 0
-72 -208 0
-73 -209 0
-74 -210 0
-75 -211 0
-76 -212 0
-77 -213 0
-78 -214 0
-79 -215 0
-80 -216 0
-81 -217 0
-82 -218 0
-83 -219 0
-84 -220 0
-85 -221 0
-69 -222 0
-70 -223 0
-71 -224 0
-72 -225 0
-73 -226 0
-74 -227 0
-75 -228 0
-76 -229 0
-77 -230 0
-78 -231 0
-79 -232 0
-80 -233 0
-81 -234 0
-82 -235 0
-83 -236 0
-84 -237 0
-85 -238 0
-69 -239 0
-70 -240 0
-71 -241 0
-72 -242 0
-73 -243 0
-74 -244 0
-75 -245 0
-76 -246 0
-77 -247 0
-78 -248 0
-79 -249 0
-80 -250 0
-81 -251 0
-82 -252 0
-83 -253 0
-84 -254 0
-85 -255 0
-69 -256 0
-70 -257 0
-71 -258 0
-72 -259 0
-73 -260 0
-74 -261 0
-75 -262 0
-76 -263 0
-77 -264 0
-78 -265 0
-79 -266 0
-80 -267 0
-81 -268 0
-82 -269 0
-83 -270 0
-84 -271 0
-85 -272 0
-69 -290 0
-70 -291 0
-71 -292 0
-72 -293 0
-73 -294 0
-74 -295 0
-75 -296 0
-76 -297 0
-77 -298 0
-78 -299 0
-79 -300 0
-80 -301 0
-81 -302 0
-82 -303 0
-83 -304 0
-84 -305 0
-85 -306 0
-69 -324 0
-70 -325 0
-71 -326 0
-72 -327 0
-73 -328 0
-74 -329 0
-75 -330 0
-76 -331 0
-77 -332 0
-78 -333 0
-79 -334 0
-80 -335 0
-81 -336 0
-82 -337 0
-83 -338 0
-84 -339 0
-85 -340 0
-69 -358 0
-70 -359 0
-71 -360 0
-72 -361 0
-73 -362 0
-74 -363 0
-75 -364 0
-76 -365 0
-77 -366 0
-78 -367 0
-79 -368 0
-80 -369 0
-81 -370 0
-82 -371 0
-83 -372 0
-84 -373 0
-85 -374 0
-69 -392 0
-70 -393 0
-71 -394 0
-72 -395 0
-73 -396 0
-74 -397 0
-75 -398 0
-76 -399 0
-77 -400 0
-78 -401 0
-79 -402 0
-80 -403 0
-81 -404 0
-82 -405 0
-83 -406 0
-84 -407 0
-85 -408 0
-69 -409 0
-70 -410 0
-71 -411 0
-72 -412 0
-73 -413 0
-74 -414 0
-75 -415 0
-76 -416 0
-77 -417 0
-78 -418 0
-79 -419 0
-80 -420 0
-81 -421 0
-82 -422 0
-83 -423 0
-84 -424 0
-85 -425 0
102 101 100 99 98 97 96 95 94 93 92 91 90 89 88 87 86 0
-86 -87 0
-86 -88 0
-86 -89 0
-86 -90 0
-86 -91 0
-86 -92 0
-86 -93 0
-86 -94 0
-86 -95 0
-86 -96 0
-86 -97 0
-86 -98 0
-86 -99 0
-86 -100 0
-86 -101 0
-86 -102 0
-87 -88 0
-87 -89 0
-87 -90 0
-87 -91 0
-87 -92 0
-87 -93 0
-87 -94 0
-87 -95 0
-87 -96 0
-87 -97 0
-87 -98 0
-87 -99 0
-87 -100 0
-87 -101 0
-87 -102 0
-88 -89 0
-88 -90 0
-88 -91 0
-88 -92 0
-88 -93 0
-88 -94 0
-88 -95 0
-88 -96 0
-88 -97 0
-88 -98 0
-88 -99 0
-88 -100 0
-88 -101 0
-88 -102 0
-89 -90 0
-89 -91 0
-89 -92 0
-89 -93 0
-89 -94 0
-89 -95 0
-89 -96 0
-89 -97 0
-89 -98 0
-89 -99 0
-89 -100 0
-89 -101 0
-89 -102 0
-90 -91 0
-90 -92 0
-90 -93 0
-90 -94 0
-90 -95 0
-90 -96 0
-90 -97 0
-90 -98 0
-90 -99 0
-90 -100 0
-90 -101 0
-90 -102 0
-91 -92 0
-91 -93 0
-91 -94 0
-91 -95 0
-91 -96 0
-91 -97 0
-91 -98 0
-91 -99 0
-91 -100 0
-91 -101 0
-91 -102 0
-92 -93 0
-92 -94 0
-92 -95 0
-92 -96 0
-92 -97 0
-92 -98 0
-92 -99 0
-92 -100 0
-92 -101 0
-92 -102 0
-93 -94 0
-93 -95 0
-93 -96 0
-93 -97 0
-93 -98 0
-93 -99 0
-93 -100 0
-93 -101 0
-93 -102 0
-94 -95 0
-94 -96 0
-94 -97 0
-94 -98 0
-94 -99 0
-94 -100 0
-94 -101 0
-94 -102 0
-95 -96 0
-95 -97 0
-95 -98 0
-95 -99 0
-95 -100 0
-95 -101 0
-95 -102 0
-96 -97 0
-96 -98 0
-96 -99 0
-96 -100 0
-96 -101 0
-96 -102 0
-97 -98 0
-97 -99 0
-97 -100 0
-97 -101 0
-97 -102 0
-98 -99 0
-98 -100 0
-98 -101 0
-98 -102 0
-99 -100 0
-99 -101 0
-99 -102 0
-100 -101 0
-100 -102 0
-101 -102 0
-86 -35 0
-87 -36 0
-88 -37 0
-89 -38 0
-90 -39 0
-91 -40 0
-92 -41 0
-93 -42 0
-94 -43 0
-95 -44 0
-96 -45 0
-97 -46 0
-98 -47 0
-99 -48 0
-100 -49 0
-101 -50 0
-102 -51 0
-86 -103 0
-87 -104 0
-88 -105 0
-89 -106 0
-90 -107 0
-91 -108 0
-92 -109 0
-93 -110 0
-94 -111 0
-95 -112 0
-96 -113 0
-97 -114 0
-98 -115 0
-99 -116 0
-100 -117 0
-101 -118 0
-102 -119 0
-86 -120 0
-87 -121 0
-88 -122 0
-89 -123 0
-90 -124 0
-91 -125 0
-92 -126 0
-93 -127 0
-94 -128 0
-95 -129 0
-96 -130 0
-97 -131 0
-98 -132 0
-99 -133 0
-100 -134 0
-101 -135 0
-102 -136 0
-86 -137 0
-87 -138 0
-88 -139 0
-89 -140 0
-90 -141 0
-91 -142 0
-92 -143 0
-93 -144 0
-94 -145 0
-95 -146 0
-96 -147 0
-97 -148 0
-98 -149 0
-99 -150 0
-100 -151 0
-101 -152 0
-102 -153 0
-86 -154 0
-87 -155 0
-88 -156 0
-89 -157 0
-90 -158 0
-91 -159 0
-92 -160 0
-93 -161 0
-94 -162 0
-95 -163 0
-96 -164 0
-97 -165 0
-98 -166 0
-99 -167 0
-100 -168 0
-101 -169 0
-102 -170 0
-86 -171 0
-87 -172 0
-88 -173 0
-89 -174 0
-90 -175 0
-91 -176 0
-92 -177 0
-93 -178 0
-94 -179 0
-95 -180 0
-96 -181 0
-97 -182 0
-98 -183 0
-99 -184 0
-100 -185 0
-101 -186 0
-102 -187 0
-86 -239 0
-87 -240 0
-88 -241 0
-89 -242 0
-90 -243 0
-91 -244 0
-92 -245 0
-93 -246 0
-94 -247 0
-95 -248 0
-96 -249 0
-97 -250 0
-98 -251 0
-99 -252 0
-100 -253 0
-101 -254 0
-102 -255 0
-86 -307 0
-87 -308 0
-88 -309 0
-89 -310 0
-90 -311 0
-91 -312 0
-92 -313 0
-93 -314 0
-94 -315 0
-95 -316 0
-96 -317 0
-97 -318 0
-98 -319 0
-99 -320 0
-100 -321 0
-101 -322 0
-102 -323 0
-86 -341 0
-87 -342 0
-88 -343 0
-89 -344 0
-90 -345 0
-91 -346 0
-92 -347 0
-93 -348 0
-94 -349 0
-95 -350 0
-96 -351 0
-97 -352 0
-98 -353 0
-99 -354 0
-100 -355 0
-101 -356 0
-102 -357 0
-86 -358 0
-87 -359 0
-88 -360 0
-89 -361 0
-90 -362 0
-91 -363 0
-92 -364 0
-93 -365 0
-94 -366 0
-95 -367 0
-96 -368 0
-97 -369 0
-98 -370 0
-99 -371 0
-100 -372 0
-101 -373 0
-102 -374 0
-86 -392 0
-87 -393 0
-88 -394 0
-89 -395 0
-90 -396 0
-91 -397 0
-92 -398 0
-93 -399 0
-94 -400 0
-95 -401 0
-96 -402 0
-97 -403 0
-98 -404 0
-99 -405 0
-100 -406 0
-101 -407 0
-102 -408 0
-86 -409 0
-87 -410 0
-88 -411 0
-89 -412 0
-90 -413 0
-91 -414 0
-92 -415 0
-93 -416 0
-94 -417 0
-95 -418 0
-96 -419 0
-97 -420 0
-98 -421 0
-99 -422 0
-100 -423 0
-101 -424 0
-102 -425 0
119 118 117 116 115 114 113 112 111 110 109 108 107 106 105 104 103 0
-103 -104 0
-103 -105 0
-103 -106 0
-103 -107 0
-103 -108 0
-103 -109 0
-103 -110 0
-103 -111 0
-103 -112 0
-103 -113 0
-103 -114 0
-103 -115 0
-103 -116 0
-103 -117 0
-103 -118 0
-103 -119 0
-104 -105 0
-104 -106 0
-104 -107 0
-104 -108 0
-104 -109 0
-104 -110 0
-104 -111 0
-104 -112 0
-104 -113 0
-104 -114 0
-104 -115 0
-104 -116 0
-104 -117 0
-104 -118 0
-104 -119 0
-105 -106 0
-105 -107 0
-105 -108 0
-105 -109 0
-105 -110 0
-105 -111 0
-105 -112 0
-105 -113 0
-105 -114 0
-105 -115 0
-105 -116 0
-105 -117 0
-105 -118 0
-105 -119 0
-106 -107 0
-106 -108 0
-106 -109 0
-106 -110 0
-106 -111 0
-106 -112 0
-106 -113 0
-106 -114 0
-106 -115 0
-106 -116 0
-106 -117 0
-106 -118 0
-106 -119 0
-107 -108 0
-107 -109 0
-107 -110 0
-107 -111 0
-107 -112 0
-107 -113 0
-107 -114 0
-107 -115 0
-107 -116 0
-107 -117 0
-107 -118 0
-107 -119 0
-108 -109 0
-108 -110 0
-108 -111 0
-108 -112 0
-108 -113 0
-108 -114 0
-108 -115 0
-108 -116 0
-108 -117 0
-108 -118 0
-108 -119 0
-109 -110 0
-109 -111 0
-109 -112 0
-109 -113 0
-109 -114 0
-109 -115 0
-109 -116 0
-109 -117 0
-109 -118 0
-109 -119 0
-110 -111 0
-110 -112 0
-110 -113 0
-110 -114 0
-110 -115 0
-110 -116 0
-110 -117 0
-110 -118 0
-110 -119 0
-111 -112 0
-111 -113 0
-111 -114 0
-111 -115 0
-111 -116 0
-111 -117 0
-111 -118 0
-111 -119 0
-112 -113 0
-112 -114 0
-112 -115 0
-112 -116 0
-112 -117 0
-112 -118 0
-112 -119 0
-113 -114 0
-113 -115 0
-113 -116 0
-113 -117 0
-113 -118 0
-113 -119 0
-114 -115 0
-114 -116 0
-114 -117 0
-114 -118 0
-114 -119 0
-115 -116 0
-115 -117 0
-115 -118 0
-115 -119 0
-116 -117 0
-116 -118 0
-116 -119 0
-117 -118 0
-117 -119 0
-118 -119 0
-103 -1 0
-104 -2 0
-105 -3 0
-106 -4 0
-107 -5 0
-108 -6 0
-109 -7 0
-110 -8 0
-111 -9 0
-112 -10 0
-113 -11 0
-114 -12 0
-115 -13 0
-116 -14 0
-117 -15 0
-118 -16 0
-119 -17 0
-103 -18 0
-104 -19 0
-105 -20 0
-106 -21 0
-107 -22 0
-108 -23 0
-109 -24 0
-110 -25 0
-111 -26 0
-112 -27 0
-113 -28 0
-114 -29 0
-115 -30 0
-116 -31 0
-117 -32 0
-118 -33 0
-119 -34 0
-103 -35 0
-104 -36 0
-105 -37 0
-106 -38 0
-107 -39 0
-108 -40 0
-109 -41 0
-110 -42 0
-111 -43 0
-112 -44 0
-113 -45 0
-114 -46 0
-115 -47 0
-116 -48 0
-117 -49 0
-118 -50 0
-119 -51 0
-103 -52 0
-104 -53 0
-105 -54 0
-106 -55 0
-107 -56 0
-108 -57 0
-109 -58 0
-110 -59 0
-111 -60 0
-112 -61 0
-113 -62 0
-114 -63 0
-115 -64 0
-116 -65 0
-117 -66 0
-118 -67 0
-119 -68 0
-103 -69 0
-104 -70 0
-105 -71 0
-106 -72 0
-107 -73 0
-108 -74 0
-109 -75 0
-110 -76 0
-111 -77 0
-112 -78 0
-113 -79 0
-114 -80 0
-115 -81 0
-116 -82 0
-117 -83 0
-118 -84 0
-119 -85 0
-103 -86 0
-104 -87 0
-105 -88 0
-106 -89 0
-107 -90 0
-108 -91 0
-109 -92 0
-110 -93 0
-111 -94 0
-112 -95 0
-113 -96 0
-114 -97 0
-115 -98 0
-116 -99 0
-117 -100 0
-118 -101 0
-119 -102 0
-103 -137 0
-104 -138 0
-105 -139 0
-106 -140 0
-107 -141 0
-108 -142 0
-109 -143 0
-110 -144 0
-111 -145 0
-112 -146 0
-113 -147 0
-114 -148 0
-115 -149 0
-116 -150 0
-117 -151 0
-118 -152 0
-119 -153 0
-103 -154 0
-104 -155 0
-105 -156 0
-106 -157 0
-107 -158 0
-108 -159 0
-109 -160 0
-110 -161 0
-111 -162 0
-112 -163 0
-113 -164 0
-114 -165 0
-115 -166 0
-116 -167 0
-117 -168 0
-118 -169 0
-119 -170 0
-103 -188 0
-104 -189 0
-105 -190 0
-106 -191 0
-107 -192 0
-108 -193 0
-109 -194 0
-110 -195 0
-111 -196 0
-112 -197 0
-113 -198 0
-114 -199 0
-115 -200 0
-116 -201 0
-117 -202 0
-118 -203 0
-119 -204 0
-103 -205 0
-104 -206 0
-105 -207 0
-106 -208 0
-107 -209 0
-108 -210 0
-109 -211 0
-110 -212 0
-111 -213 0
-112 -214 0
-113 -215 0
-114 -216 0
-115 -217 0
-116 -218 0
-117 -219 0
-118 -220 0
-119 -221 0
-103 -273 0
-104 -274 0
-105 -275 0
-106 -276 0
-107 -277 0
-108 -278 0
-109 -279 0
-110 -280 0
-111 -281 0
-112 -282 0
-113 -283 0
-114 -284 0
-115 -285 0
-116 -286 0
-117 -287 0
-118 -288 0
-119 -289 0
-103 -307 0
-104 -308 0
-105 -309 0
-106 -310 0
-107 -311 0
-108 -312 0
-109 -313 0
-110 -314 0
-111 -315 0
-112 -316 0
-113 -317 0
-114 -318 0
-115 -319 0
-116 -320 0
-117 -321 0
-118 -322 0
-119 -323 0
-103 -358 0
-104 -359 0
-105 -360 0
-106 -361 0
-107 -362 0
-108 -363 0
-109 -364 0
-110 -365 0
-111 -366 0
-112 -367 0
-113 -368 0
-114 -369 0
-115 -370 0
-116 -371 0
-117 -372 0
-118 -373 0
-119 -374 0
-103 -392 0
-104 -393 0
-105 -394 0
-106 -395 0
-107 -396 0
-108 -397 0
-109 -398 0
-110 -399 0
-111 -400 0
-112 -401 0
-113 -402 0
-114 -403 0
-115 -404 0
-116 -405 0
-117 -406 0
-118 -407 0
-119 -408 0
136 135 134 133 132 131 130 129 128 127 126 125 124 123 122 121 120 0
-120 -121 0
-120 -122 0
-120 -123 0
-120 -124 0
-120 -125 0
-120 -126 0
-120 -127 0
-120 -128 0
-120 -129 0
-120 -130 0
-120 -131 0
-120 -132 0
-120 -133 0
-120 -134 0
-120 -135 0
-120 -136 0
-121 -122 0
-121 -123 0
-121 -124 0
-121 -125 0
-121 -126 0
-121 -127 0
-121 -128 0
-121 -129 0
-121 -130 0
-121 -131 0
-121 -132 0
-121 -133 0
-121 -134 0
-121 -135 0
-121 -136 0
-122 -123 0
-122 -124 0
-122 -125 0
-122 -126 0
-122 -127 0
-122 -128 0
-122 -129 0
-122 -130 0
-122 -131 0
-122 -132 0
-122 -133 0
-122 -134 0
-122 -135 0
-122 -136 0
-123 -124 0
-123 -125 0
-123 -126 0
-123 -127 0
-123 -128 0
-123 -129 0
-123 -130 0
-123 -131 0
-123 -132 0
-123 -133 0
-123 -134 0
-123 -135 0
-123 -136 0
-124 -125 0
-124 -126 0
-124 -127 0
-124 -128 0
-124 -129 0
-124 -130 0
-124 -131 0
-124 -132 0
-124 -133 0
-124 -134 0
-124 -135 0
-124 -136 0
-125 -126 0
-125 -127 0
-125 -128 0
-125 -129 0
-125 -130 0
-125 -131 0
-125 -132 0
-125 -133 0
-125 -134 0
-125 -135 0
-125 -136 0
-126 -127 0
-126 -128 0
-126 -129 0
-126 -130 0
-126 -131 0
-126 -132 0
-126 -133 0
-126 -134 0
-126 -135 0
-126 -136 0
-127 -128 0
-127 -129 0
-127 -130 0
-127 -131 0
-127 -132 0
-127 -133 0
-127 -134 0
-127 -135 0
-127 -136 0
-128 -129 0
-128 -130 0
-128 -131 0
-128 -132 0
-128 -133 0
-128 -134 0
-128 -135 0
-128 -136 0
-129 -130 0
-129 -131 0
-129 -132 0
-129 -133 0
-129 -134 0
-129 -135 0
-129 -136 0
-130 -131 0
-130 -132 0
-130 -133 0
-130 -134 0
-130 -135 0
-130 -136 0
-131 -132 0
-131 -133 0
-131 -134 0
-131 -135 0
-131 -136 0
-132 -133 0
-132 -134 0
-132 -135 0
-132 -136 0
-133 -134 0
-133 -135 0
-133 -136 0
-134 -135 0
-134 -136 0
-135 -136 0
-120 -18 0
-121 -19 0
-122 -20 0
-123 -21 0
-124 -22 0
-125 -23 0
-126 -24 0
-127 -25 0
-128 -26 0
-129 -27 0
-130 -28 0
-131 -29 0
-132 -30 0
-133 -31 0
-134 -32 0
-135 -33 0
-136 -34 0
-120 -52 0
-121 -53 0
-122 -54 0
-123 -55 0
-124 -56 0
-125 -57 0
-126 -58 0
-127 -59 0
-128 -60 0
-129 -61 0
-130 -62 0
-131 -63 0
-132 -64 0
-133 -65 0
-134 -66 0
-135 -67 0
-136 -68 0
-120 -69 0
-121 -70 0
-122 -71 0
-123 -72 0
-124 -73 0
-125 -74 0
-126 -75 0
-127 -76 0
-128 -77 0
-129 -78 0
-130 -79 0
-131 -80 0
-132 -81 0
-133 -82 0
-134 -83 0
-135 -84 0
-136 -85 0
-120 -86 0
-121 -87 0
-122 -88 0
-123 -89 0
-124 -90 0
-125 -91 0
-126 -92 0
-127 -93 0
-128 -94 0
-129 -95 0
-130 -96 0
-131 -97 0
-132 -98 0
-133 -99 0
-134 -100 0
-135 -101 0
-136 -102 0
-120 -171 0
-121 -172 0
-122 -173 0
-123 -174 0
-124 -175 0
-125 -176 0
-126 -177 0
-127 -178 0
-128 -179 0
-129 -180 0
-130 -181 0
-131 -182 0
-132 -183 0
-133 -184 0
-134 -185 0
-135 -186 0
-136 -187 0
-120 -205 0
-121 -206 0
-122 -207 0
-123 -208 0
-124 -209 0
-125 -210 0
-126 -211 0
-127 -212 0
-128 -213 0
-129 -214 0
-130 -215 0
-131 -216 0
-132 -217 0
-133 -218 0
-134 -219 0
-135 -220 0
-136 -221 0
-120 -222 0
-121 -223 0
-122 -224 0
-123 -225 0
-124 -226 0
-125 -227 0
-126 -228 0
-127 -229 0
-128 -230 0
-129 -231 0
-130 -232 0
-131 -233 0
-132 -234 0
-133 -235 0
-134 -236 0
-135 -237 0
-136 -238 0
-120 -256 0
-121 -257 0
-122 -258 0
-123 -259 0
-124 -260 0
-125 -261 0
-126 -262 0
-127 -263 0
-128 -264 0
-129 -265 0
-130 -266 0
-131 -267 0
-132 -268 0
-133 -269 0
-134 -270 0
-135 -271 0
-136 -272 0
-120 -307 0
-121 -308 0
-122 -309 0
-123 -310 0
-124 -311 0
-125 -312 0
-126 -313 0
-127 -314 0
-128 -315 0
-129 -316 0
-130 -317 0
-131 -318 0
-132 -319 0
-133 -320 0
-134 -321 0
-135 -322 0
-136 -323 0
-120 -341 0
-121 -342 0
-122 -343 0
-123 -344 0
-124 -345 0
-125 -346 0
-126 -347 0
-127 -348 0
-128 -349 0
-129 -350 0
-130 -351 0
-131 -352 0
-132 -353 0
-133 -354 0
-134 -355 0
-135 -356 0
-136 -357 0
-120 -375 0
-121 -376 0
-122 -377 0
-123 -378 0
-124 -379 0
-125 -380 0
-126 -381 0
-127 -382 0
-128 -383 0
-129 -384 0
-130 -385 0
-131 -386 0
-132 -387 0
-133 -388 0
-134 -389 0
-135 -390 0
-136 -391 0
153 152 151 150 149 148 147 146 145 144 143 142 141 140 139 138 137 0
-137 -138 0
-137 -139 0
-137 -140 0
-137 -141 0
-137 -142 0
-137 -143 0
-137 -144 0
-137 -145 0
-137 -146 0
-137 -147 0
-137 -148 0
-137 -149 0
-137 -150 0
-137 -151 0
-137 -152 0
-137 -153 0
-138 -139 0
-138 -140 0
-138 -141 0
-138 -142 0
-138 -143 0
-138 -144 0
-138 -145 0
-138 -146 0
-138 -147 0
-138 -148 0
-138 -149 0
-138 -150 0
-138 -151 0
-138 -152 0
-138 -153 0
-139 -140 0
-139 -141 0
-139 -142 0
-139 -143 0
-139 -144 0
-139 -145 0
-139 -146 0
-139 -147 0
-139 -148 0
-139 -149 0
-139 -150 0
-139 -151 0
-139 -152 0
-139 -153 0
-140 -141 0
-140 -142 0
-140 -143 0
-140 -144 0
-140 -145 0
-140 -146 0
-140 -147 0
-140 -148 0
-140 -149 0
-140 -150 0
-140 -151 0
-140 -152 0
-140 -153 0
-141 -142 0
-141 -143 0
-141 -144 0
-141 -145 0
-141 -146 0
-141 -147 0
-141 -148 0
-141 -149 0
-141 -150 0
-141 -151 0
-141 -152 0
-141 -153 0
-142 -143 0
-142 -144 0
-142 -145 0
-142 -146 0
-142 -147 0
-142 -148 0
-142 -149 0
-142 -150 0
-142 -151 0
-142 -152 0
-142 -153 0
-143 -144 0
-143 -145 0
-143 -146 0
-143 -147 0
-143 -148 0
-143 -149 0
-143 -150 0
-143 -151 0
-143 -152 0
-143 -153 0
-144 -145 0
-144 -146 0
-144 -147 0
-144 -148 0
-144 -149 0
-144 -150 0
-144 -151 0
-144 -152 0
-144 -153 0
-145 -146 0
-145 -147 0
-145 -148 0
-145 -149 0
-145 -150 0
-145 -151 0
-145 -152 0
-145 -153 0
-146 -147 0
-146 -148 0
-146 -149 0
-146 -150 0
-146 -151 0
-146 -152 0
-146 -153 0
-147 -148 0
-147 -149 0
-147 -150 0
-147 -151 0
-147 -152 0
-147 -153 0
-148 -149 0
-148 -150 0
-148 -151 0
-148 -152 0
-148 -153 0
-149 -150 0
-149 -151 0
-149 -152 0
-149 -153 0
-150 -151 0
-150 -152 0
-150 -153 0
-151 -152 0
-151 -153 0
-152 -153 0
-137 -1 0
-138 -2 0
-139 -3 0
-140 -4 0
-141 -5 0
-142 -6 0
-143 -7 0
-144 -8 0
-145 -9 0
-146 -10 0
-147 -11 0
-148 -12 0
-149 -13 0
-150 -14 0
-151 -15 0
-152 -16 0
-153 -17 0
-137 -52 0
-138 -53 0
-139 -54 0
-140 -55 0
-141 -56 0
-142 -57 0
-143 -58 0
-144 -59 0
-145 -60 0
-146 -61 0
-147 -62 0
-148 -63 0
-149 -64 0
-150 -65 0
-151 -66 0
-152 -67 0
-153 -68 0
-137 -69 0
-138 -70 0
-139 -71 0
-140 -72 0
-141 -73 0
-142 -74 0
-143 -75 0
-144 -76 0
-145 -77 0
-146 -78 0
-147 -79 0
-148 -80 0
-149 -81 0
-150 -82 0
-151 -83 0
-152 -84 0
-153 -85 0
-137 -86 0
-138 -87 0
-139 -88 0
-140 -89 0
-141 -90 0
-142 -91 0
-143 -92 0
-144 -93 0
-145 -94 0
-146 -95 0
-147 -96 0
-148 -97 0
-149 -98 0
-150 -99 0
-151 -100 0
-152 -101 0
-153 -102 0
-137 -103 0
-138 -104 0
-139 -105 0
-140 -106 0
-141 -107 0
-142 -108 0
-143 -109 0
-144 -110 0
-145 -111 0
-146 -112 0
-147 -113 0
-148 -114 0
-149 -115 0
-150 -116 0
-151 -117 0
-152 -118 0
-153 -119 0
-137 -171 0
-138 -172 0
-139 -173 0
-140 -174 0
-141 -175 0
-142 -176 0
-143 -177 0
-144 -178 0
-145 -179 0
-146 -180 0
-147 -181 0
-148 -182 0
-149 -183 0
-150 -184 0
-151 -185 0
-152 -186 0
-153 -187 0
-137 -239 0
-138 -240 0
-139 -241 0
-140 -242 0
-141 -243 0
-142 -244 0
-143 -245 0
-144 -246 0
-145 -247 0
-146 -248 0
-147 -249 0
-148 -250 0
-149 -251 0
-150 -252 0
-151 -253 0
-152 -254 0
-153 -255 0
-137 -273 0
-138 -274 0
-139 -275 0
-140 -276 0
-141 -277 0
-142 -278 0
-143 -279 0
-144 -280 0
-145 -281 0
-146 -282 0
-147 -283 0
-148 -284 0
-149 -285 0
-150 -286 0
-151 -287 0
-152 -288 0
-153 -289 0
-137 -307 0
-138 -308 0
-139 -309 0
-140 -310 0
-141 -311 0
-142 -312 0
-143 -313 0
-144 -314 0
-145 -315 0
-146 -316 0
-147 -317 0
-148 -318 0
-149 -319 0
-150 -320 0
-151 -321 0
-152 -322 0
-153 -323 0
-137 -324 0
-138 -325 0
-139 -326 0
-140 -327 0
-141 -328 0
-142 -329 0
-143 -330 0
-144 -331 0
-145 -332 0
-146 -333 0
-147 -334 0
-148 -335 0
-149 -336 0
-150 -337 0
-151 -338 0
-152 -339 0
-153 -340 0
-137 -392 0
-138 -393 0
-139 -394 0
-140 -395 0
-141 -396 0
-142 -397 0
-143 -398 0
-144 -399 0
-145 -400 0
-146 -401 0
-147 -402 0
-148 -403 0
-149 -404 0
-150 -405 0
-151 -406 0
-152 -407 0
-153 -408 0
170 169 168 167 166 165 164 163 162 161 160 159 158 157 156 155 154 0
-154 -155 0
-154 -156 0
-154 -157 0
-154 -158 0
-154 -159 0
-154 -160 0
-154 -161 0
-154 -162 0
-154 -163 0
-154 -164 0
-154 -165 0
-154 -166 0
-154 -167 0
-154 -168 0
-154 -169 0
-154 -170 0
-155 -156 0
-155 -157 0
-155 -158 0
-155 -159 0
-155 -160 0
-155 -161 0
-155 -162 0
-155 -163 0
-155 -164 0
-155 -165 0
-155 -166 0
-155 -167 0
-155 -168 0
-155 -169 0
-155 -170 0
-156 -157 0
-156 -158 0
-156 -159 0
-156 -160 0
-156 -161 0
-156 -162 0
-156 -163 0
-156 -164 0
-156 -165 0
-156 -166 0
-156 -167 0
-156 -168 0
-156 -169 0
-156 -170 0
-157 -158 0
-157 -159 0
-157 -160 0
-157 -161 0
-157 -162 0
-157 -163 0
-157 -164 0
-157 -165 0
-157 -166 0
-157 -167 0
-157 -168 0
-157 -169 0
-157 -170 0
-158 -159 0
-158 -160 0
-158 -161 0
-158 -162 0
-158 -163 0
-158 -164 0
-158 -165 0
-158 -166 0
-158 -167 0
-158 -168 0
-158 -169 0
-158 -170 0
-159 -160 0
-159 -161 0
-159 -162 0
-159 -163 0
-159 -164 0
-159 -165 0
-159 -166 0
-159 -167 0
-159 -168 0
-159 -169 0
-159 -170 0
-160 -161 0
-160 -162 0
-160 -163 0
-160 -164 0
-160 -165 0
-160 -166 0
-160 -167 0
-160 -168 0
-160 -169 0
-160 -170 0
-161 -162 0
-161 -163 0
-161 -164 0
-161 -165 0
-161 -166 0
-161 -167 0
-161 -168 0
-161 -169 0
-161 -170 0
-162 -163 0
-162 -164 0
-162 -165 0
-162 -166 0
-162 -167 0
-162 -168 0
-162 -169 0
-162 -170 0
-163 -164 0
-163 -165 0
-163 -166 0
-163 -167 0
-163 -168 0
-163 -169 0
-163 -170 0
-164 -165 0
-164 -166 0
-164 -167 0
-164 -168 0
-164 -169 0
-164 -170 0
-165 -166 0
-165 -167 0
-165 -168 0
-165 -169 0
-165 -170 0
-166 -167 0
-166 -168 0
-166 -169 0
-166 -170 0
-167 -168 0
-167 -169 0
-167 -170 0
-168 -169 0
-168 -170 0
-169 -170 0
-154 -18 0
-155 -19 0
-156 -20 0
-157 -21 0
-158 -22 0
-159 -23 0
-160 -24 0
-161 -25 0
-162 -26 0
-163 -27 0
-164 -28 0
-165 -29 0
-166 -30 0
-167 -31 0
-168 -32 0
-169 -33 0
-170 -34 0
-154 -35 0
-155 -36 0
-156 -37 0
-157 -38 0
-158 -39 0
-159 -40 0
-160 -41 0
-161 -42 0
-162 -43 0
-163 -44 0
-164 -45 0
-165 -46 0
-166 -47 0
-167 -48 0
-168 -49 0
-169 -50 0
-170 -51 0
-154 -86 0
-155 -87 0
-156 -88 0
-157 -89 0
-158 -90 0
-159 -91 0
-160 -92 0
-161 -93 0
-162 -94 0
-163 -95 0
-164 -96 0
-165 -97 0
-166 -98 0
-167 -99 0
-168 -100 0
-169 -101 0
-170 -102 0
-154 -103 0
-155 -104 0
-156 -105 0
-157 -106 0
-158 -107 0
-159 -108 0
-160 -109 0
-161 -110 0
-162 -111 0
-163 -112 0
-164 -113 0
-165 -114 0
-166 -115 0
-167 -116 0
-168 -117 0
-169 -118 0
-170 -119 0
-154 -171 0
-155 -172 0
-156 -173 0
-157 -174 0
-158 -175 0
-159 -176 0
-160 -177 0
-161 -178 0
-162 -179 0
-163 -180 0
-164 -181 0
-165 -182 0
-166 -183 0
-167 -184 0
-168 -185 0
-169 -186 0
-170 -187 0
-154 -205 0
-155 -206 0
-156 -207 0
-157 -208 0
-158 -209 0
-159 -210 0
-160 -211 0
-161 -212 0
-162 -213 0
-163 -214 0
-164 -215 0
-165 -216 0
-166 -217 0
-167 -218 0
-168 -219 0
-169 -220 0
-170 -221 0
-154 -239 0
-155 -240 0
-156 -241 0
-157 -242 0
-158 -243 0
-159 -244 0
-160 -245 0
-161 -246 0
-162 -247 0
-163 -248 0
-164 -249 0
-165 -250 0
-166 -251 0
-167 -252 0
-168 -253 0
-169 -254 0
-170 -255 0
-154 -256 0
-155 -257 0
-156 -258 0
-157 -259 0
-158 -260 0
-159 -261 0
-160 -262 0
-161 -263 0
-162 -264 0
-163 -265 0
-164 -266 0
-165 -267 0
-166 -268 0
-167 -269 0
-168 -270 0
-169 -271 0
-170 -272 0
-154 -273 0
-155 -274 0
-156 -275 0
-157 -276 0
-158 -277 0
-159 -278 0
-160 -279 0
-161 -280 0
-162 -281 0
-163 -282 0
-164 -283 0
-165 -284 0
-166 -285 0
-167 -286 0
-168 -287 0
-169 -288 0
-170 -289 0
-154 -307 0
-155 -308 0
-156 -309 0
-157 -310 0
-158 -311 0
-159 -312 0
-160 -313 0
-161 -314 0
-162 -315 0
-163 -316 0
-164 -317 0
-165 -318 0
-166 -319 0
-167 -320 0
-168 -321 0
-169 -322 0
-170 -323 0
-154 -341 0
-155 -342 0
-156 -343 0
-157 -344 0
-158 -345 0
-159 -346 0
-160 -347 0
-161 -348 0
-162 -349 0
-163 -350 0
-164 -351 0
-165 -352 0
-166 -353 0
-167 -354 0
-168 -355 0
-169 -356 0
-170 -357 0
-154 -358 0
-155 -359 0
-156 -360 0
-157 -361 0
-158 -362 0
-159 -363 0
-160 -364 0
-161 -365 0
-162 -366 0
-163 -367 0
-164 -368 0
-165 -369 0
-166 -370 0
-167 -371 0
-168 -372 0
-169 -373 0
-170 -374 0
187 186 185 184 183 182 181 180 179 178 177 176 175 174 173 172 171 0
-171 -172 0
-171 -173 0
-171 -174 0
-171 -175 0
-171 -176 0
-171 -177 0
-171 -178 0
-171 -179 0
-171 -180 0
-171 -181 0
-171 -182 0
-171 -183 0
-171 -184 0
-171 -185 0
-171 -186 0
-171 -187 0
-172 -173 0
-172 -174 0
-172 -175 0
-172 -176 0
-172 -177 0
-172 -178 0
-172 -179 0
-172 -180 0
-172 -181 0
-172 -182 0
-172 -183 0
-172 -184 0
-172 -185 0
-172 -186 0
-172 -187 0
-173 -174 0
-173 -175 0
-173 -176 0
-173 -177 0
-173 -178 0
-173 -179 0
-173 -180 0
-173 -181 0
-173 -182 0
-173 -183 0
-173 -184 0
-173 -185 0
-173 -186 0
-173 -187 0
-174 -175 0
-174 -176 0
-174 -177 0
-174 -178 0
-174 -179 0
-174 -180 0
-174 -181 0
-174 -182 0
-174 -183 0
-174 -184 0
-174 -185 0
-174 -186 0
-174 -187 0
-175 -176 0
-175 -177 0
-175 -178 0
-175 -179 0
-175 -180 0
-175 -181 0
-175 -182 0
-175 -183 0
-175 -184 0
-175 -185 0
-175 -186 0
-175 -187 0
-176 -177 0
-176 -178 0
-176 -179 0
-176 -180 0
-176 -181 0
-176 -182 0
-176 -183 0
-176 -184 0
-176 -185 0
-176 -186 0
-176 -187 0
-177 -178 0
-177 -179 0
-177 -180 0
-177 -181 0
-177 -182 0
-177 -183 0
-177 -184 0
-177 -185 0
-177 -186 0
-177 -187 0
-178 -179 0
-178 -180 0
-178 -181 0
-178 -182 0
-178 -183 0
-178 -184 0
-178 -185 0
-178 -186 0
-178 -187 0
-179 -180 0
-179 -181 0
-179 -182 0
-179 -183 0
-179 -184 0
-179 -185 0
-179 -186 0
-179 -187 0
-180 -181 0
-180 -182 0
-180 -183 0
-180 -184 0
-180 -185 0
-180 -186 0
-180 -187 0
-181 -182 0
-181 -183 0
-181 -184 0
-181 -185 0
-181 -186 0
-181 -187 0
-182 -183 0
-182 -184 0
-182 -185 0
-182 -186 0
-182 -187 0
-183 -184 0
-183 -185 0
-183 -186 0
-183 -187 0
-184 -185 0
-184 -186 0
-184 -187 0
-185 -186 0
-185 -187 0
-186 -187 0
-171 -1 0
-172 -2 0
-173 -3 0
-174 -4 0
-175 -5 0
-176 -6 0
-177 -7 0
-178 -8 0
-179 -9 0
-180 -10 0
-181 -11 0
-182 -12 0
-183 -13 0
-184 -14 0
-185 -15 0
-186 -16 0
-187 -17 0
-171 -18 0
-172 -19 0
-173 -20 0
-174 -21 0
-175 -22 0
-176 -23 0
-177 -24 0
-178 -25 0
-179 -26 0
-180 -27 0
-181 -28 0
-182 -29 0
-183 -30 0
-184 -31 0
-185 -32 0
-186 -33 0
-187 -34 0
-171 -52 0
-172 -53 0
-173 -54 0
-174 -55 0
-175 -56 0
-176 -57 0
-177 -58 0
-178 -59 0
-179 -60 0
-180 -61 0
-181 -62 0
-182 -63 0
-183 -64 0
-184 -65 0
-185 -66 0
-186 -67 0
-187 -68 0
-171 -69 0
-172 -70 0
-173 -71 0
-174 -72 0
-175 -73 0
-176 -74 0
-177 -75 0
-178 -76 0
-179 -77 0
-180 -78 0
-181 -79 0
-182 -80 0
-183 -81 0
-184 -82 0
-185 -83 0
-186 -84 0
-187 -85 0
-171 -86 0
-172 -87 0
-173 -88 0
-174 -89 0
-175 -90 0
-176 -91 0
-177 -92 0
-178 -93 0
-179 -94 0
-180 -95 0
-181 -96 0
-182 -97 0
-183 -98 0
-184 -99 0
-185 -100 0
-186 -101 0
-187 -102 0
-171 -120 0
-172 -121 0
-173 -122 0
-174 -123 0
-175 -124 0
-176 -125 0
-177 -126 0
-178 -127 0
-179 -128 0
-180 -129 0
-181 -130 0
-182 -131 0
-183 -132 0
-184 -133 0
-185 -134 0
-186 -135 0
-187 -136 0
-171 -137 0
-172 -138 0
-173 -139 0
-174 -140 0
-175 -141 0
-176 -142 0
-177 -143 0
-178 -144 0
-179 -145 0
-180 -146 0
-181 -147 0
-182 -148 0
-183 -149 0
-184 -150 0
-185 -151 0
-186 -152 0
-187 -153 0
-171 -154 0
-172 -155 0
-173 -156 0
-174 -157 0
-175 -158 0
-176 -159 0
-177 -160 0
-178 -161 0
-179 -162 0
-180 -163 0
-181 -164 0
-182 -165 0
-183 -166 0
-184 -167 0
-185 -168 0
-186 -169 0
-187 -170 0
-171 -205 0
-172 -206 0
-173 -207 0
-174 -208 0
-175 -209 0
-176 -210 0
-177 -211 0
-178 -212 0
-179 -213 0
-180 -214 0
-181 -215 0
-182 -216 0
-183 -217 0
-184 -218 0
-185 -219 0
-186 -220 0
-187 -221 0
-171 -239 0
-172 -240 0
-173 -241 0
-174 -242 0
-175 -243 0
-176 -244 0
-177 -245 0
-178 -246 0
-179 -247 0
-180 -248 0
-181 -249 0
-182 -250 0
-183 -251 0
-184 -252 0
-185 -253 0
-186 -254 0
-187 -255 0
-171 -256 0
-172 -257 0
-173 -258 0
-174 -259 0
-175 -260 0
-176 -261 0
-177 -262 0
-178 -263 0
-179 -264 0
-180 -265 0
-181 -266 0
-182 -267 0
-183 -268 0
-184 -269 0
-185 -270 0
-186 -271 0
-187 -272 0
-171 -273 0
-172 -274 0
-173 -275 0
-174 -276 0
-175 -277 0
-176 -278 0
-177 -279 0
-178 -280 0
-179 -281 0
-180 -282 0
-181 -283 0
-182 -284 0
-183 -285 0
-184 -286 0
-185 -287 0
-186 -288 0
-187 -289 0
-171 -324 0
-172 -325 0
-173 -326 0
-174 -327 0
-175 -328 0
-176 -329 0
-177 -330 0
-178 -331 0
-179 -332 0
-180 -333 0
-181 -334 0
-182 -335 0
-183 -336 0
-184 -337 0
-185 -338 0
-186 -339 0
-187 -340 0
-171 -341 0
-172 -342 0
-173 -343 0
-174 -344 0
-175 -345 0
-176 -346 0
-177 -347 0
-178 -348 0
-179 -349 0
-180 -350 0
-181 -351 0
-182 -352 0
-183 -353 0
-184 -354 0
-185 -355 0
-186 -356 0
-187 -357 0
-171 -392 0
-172 -393 0
-173 -394 0
-174 -395 0
-175 -396 0
-176 -397 0
-177 -398 0
-178 -399 0
-179 -400 0
-180 -401 0
-181 -402 0
-182 -403 0
-183 -404 0
-184 -405 0
-185 -406 0
-186 -407 0
-187 -408 0
-171 -409 0
-172 -410 0
-173 -411 0
-174 -412 0
-175 -413 0
-176 -414 0
-177 -415 0
-178 -416 0
-179 -417 0
-180 -418 0
-181 -419 0
-182 -420 0
-183 -421 0
-184 -422 0
-185 -423 0
-186 -424 0
-187 -425 0
204 203 202 201 200 199 198 197 196 195 194 193 192 191 190 189 188 0
-188 -189 0
-188 -190 0
-188 -191 0
-188 -192 0
-188 -193 0
-188 -194 0
-188 -195 0
-188 -196 0
-188 -197 0
-188 -198 0
-188 -199 0
-188 -200 0
-188 -201 0
-188 -202 0
-188 -203 0
-188 -204 0
-189 -190 0
-189 -191 0
-189 -192 0
-189 -193 0
-189 -194 0
-189 -195 0
-189 -196 0
-189 -197 0
-189 -198 0
-189 -199 0
-189 -200 0
-189 -201 0
-189 -202 0
-189 -203 0
-189 -204 0
-190 -191 0
-190 -192 0
-190 -193 0
-190 -194 0
-190 -195 0
-190 -196 0
-190 -197 0
-190 -198 0
-190 -199 0
-190 -200 0
-190 -201 0
-190 -202 0
-190 -203 0
-190 -204 0
-191 -192 0
-191 -193 0
-191 -194 0
-191 -195 0
-191 -196 0
-191 -197 0
-191 -198 0
-191 -199 0
-191 -200 0
-191 -201 0
-191 -202 0
-191 -203 0
-191 -204 0
-192 -193 0
-192 -194 0
-192 -195 0
-192 -196 0
-192 -197 0
-192 -198 0
-192 -199 0
-192 -200 0
-192 -201 0
-192 -202 0
-192 -203 0
-192 -204 0
-193 -194 0
-193 -195 0
-193 -196 0
-193 -197 0
-193 -198 0
-193 -199 0
-193 -200 0
-193 -201 0
-193 -202 0
-193 -203 0
-193 -204 0
-194 -195 0
-194 -196 0
-194 -197 0
-194 -198 0
-194 -199 0
-194 -200 0
-194 -201 0
-194 -202 0
-194 -203 0
-194 -204 0
-195 -196 0
-195 -197 0
-195 -198 0
-195 -199 0
-195 -200 0
-195 -201 0
-195 -202 0
-195 -203 0
-195 -204 0
-196 -197 0
-196 -198 0
-196 -199 0
-196 -200 0
-196 -201 0
-196 -202 0
-196 -203 0
-196 -204 0
-197 -198 0
-197 -199 0
-197 -200 0
-197 -201 0
-197 -202 0
-197 -203 0
-197 -204 0
-198 -199 0
-198 -200 0
-198 -201 0
-198 -202 0
-198 -203 0
-198 -204 0
-199 -200 0
-199 -201 0
-199 -202 0
-199 -203 0
-199 -204 0
-200 -201 0
-200 -202 0
-200 -203 0
-200 -204 0
-201 -202 0
-201 -203 0
-201 -204 0
-202 -203 0
-202 -204 0
-203 -204 0
-188 -18 0
-189 -19 0
-190 -20 0
-191 -21 0
-192 -22 0
-193 -23 0
-194 -24 0
-195 -25 0
-196 -26 0
-197 -27 0
-198 -28 0
-199 -29 0
-200 -30 0
-201 -31 0
-202 -32 0
-203 -33 0
-204 -34 0
-188 -69 0
-189 -70 0
-190 -71 0
-191 -72 0
-192 -73 0
-193 -74 0
-194 -75 0
-195 -76 0
-196 -77 0
-197 -78 0
-198 -79 0
-199 -80 0
-200 -81 0
-201 -82 0
-202 -83 0
-203 -84 0
-204 -85 0
-188 -103 0
-189 -104 0
-190 -105 0
-191 -106 0
-192 -107 0
-193 -108 0
-194 -109 0
-195 -110 0
-196 -111 0
-197 -112 0
-198 -113 0
-199 -114 0
-200 -115 0
-201 -116 0
-202 -117 0
-203 -118 0
-204 -119 0
-188 -239 0
-189 -240 0
-190 -241 0
-191 -242 0
-192 -243 0
-193 -244 0
-194 -245 0
-195 -246 0
-196 -247 0
-197 -248 0
-198 -249 0
-199 -250 0
-200 -251 0
-201 -252 0
-202 -253 0
-203 -254 0
-204 -255 0
-188 -290 0
-189 -291 0
-190 -292 0
-191 -293 0
-192 -294 0
-193 -295 0
-194 -296 0
-195 -297 0
-196 -298 0
-197 -299 0
-198 -300 0
-199 -301 0
-200 -302 0
-201 -303 0
-202 -304 0
-203 -305 0
-204 -306 0
-188 -358 0
-189 -359 0
-190 -360 0
-191 -361 0
-192 -362 0
-193 -363 0
-194 -364 0
-195 -365 0
-196 -366 0
-197 -367 0
-198 -368 0
-199 -369 0
-200 -370 0
-201 -371 0
-202 -372 0
-203 -373 0
-204 -374 0
-188 -375 0
-189 -376 0
-190 -377 0
-191 -378 0
-192 -379 0
-193 -380 0
-194 -381 0
-195 -382 0
-196 -383 0
-197 -384 0
-198 -385 0
-199 -386 0
-200 -387 0
-201 -388 0
-202 -389 0
-203 -390 0
-204 -391 0
-188 -392 0
-189 -393 0
-190 -394 0
-191 -395 0
-192 -396 0
-193 -397 0
-194 -398 0
-195 -399 0
-196 -400 0
-197 -401 0
-198 -402 0
-199 -403 0
-200 -404 0
-201 -405 0
-202 -406 0
-203 -407 0
-204 -408 0
221 220 219 218 217 216 215 214 213 212 211 210 209 208 207 206 205 0
-205 -206 0
-205 -207 0
-205 -208 0
-205 -209 0
-205 -210 0
-205 -211 0
-205 -212 0
-205 -213 0
-205 -214 0
-205 -215 0
-205 -216 0
-205 -217 0
-205 -218 0
-205 -219 0
-205 -220 0
-205 -221 0
-206 -207 0
-206 -208 0
-206 -209 0
-206 -210 0
-206 -211 0
-206 -212 0
-206 -213 0
-206 -214 0
-206 -215 0
-206 -216 0
-206 -217 0
-206 -218 0
-206 -219 0
-206 -220 0
-206 -221 0
-207 -208 0
-207 -209 0
-207 -210 0
-207 -211 0
-207 -212 0
-207 -213 0
-207 -214 0
-207 -215 0
-207 -216 0
-207 -217 0
-207 -218 0
-207 -219 0
-207 -220 0
-207 -221 0
-208 -209 0
-208 -210 0
-208 -211 0
-208 -212 0
-208 -213 0
-208 -214 0
-208 -215 0
-208 -216 0
-208 -217 0
-208 -218 0
-208 -219 0
-208 -220 0
-208 -221 0
-209 -210 0
-209 -211 0
-209 -212 0
-209 -213 0
-209 -214 0
-209 -215 0
-209 -216 0
-209 -217 0
-209 -218 0
-209 -219 0
-209 -220 0
-209 -221 0
-210 -211 0
-210 -212 0
-210 -213 0
-210 -214 0
-210 -215 0
-210 -216 0
-210 -217 0
-210 -218 0
-210 -219 0
-210 -220 0
-210 -221 0
-211 -212 0
-211 -213 0
-211 -214 0
-211 -215 0
-211 -216 0
-211 -217 0
-211 -218 0
-211 -219 0
-211 -220 0
-211 -221 0
-212 -213 0
-212 -214 0
-212 -215 0
-212 -216 0
-212 -217 0
-212 -218 0
-212 -219 0
-212 -220 0
-212 -221 0
-213 -214 0
-213 -215 0
-213 -216 0
-213 -217 0
-213 -218 0
-213 -219 0
-213 -220 0
-213 -221 0
-214 -215 0
-214 -216 0
-214 -217 0
-214 -218 0
-214 -219 0
-214 -220 0
-214 -221 0
-215 -216 0
-215 -217 0
-215 -218 0
-215 -219 0
-215 -220 0
-215 -221 0
-216 -217 0
-216 -218 0
-216 -219 0
-216 -220 0
-216 -221 0
-217 -218 0
-217 -219 0
-217 -220 0
-217 -221 0
-218 -219 0
-218 -220 0
-218 -221 0
-219 -220 0
-219 -221 0
-220 -221 0
-205 -1 0
-206 -2 0
-207 -3 0
-208 -4 0
-209 -5 0
-210 -6 0
-211 -7 0
-212 -8 0
-213 -9 0
-214 -10 0
-215 -11 0
-216 -12 0
-217 -13 0
-218 -14 0
-219 -15 0
-220 -16 0
-221 -17 0
-205 -18 0
-206 -19 0
-207 -20 0
-208 -21 0
-209 -22 0
-210 -23 0
-211 -24 0
-212 -25 0
-213 -26 0
-214 -27 0
-215 -28 0
-216 -29 0
-217 -30 0
-218 -31 0
-219 -32 0
-220 -33 0
-221 -34 0
-205 -52 0
-206 -53 0
-207 -54 0
-208 -55 0
-209 -56 0
-210 -57 0
-211 -58 0
-212 -59 0
-213 -60 0
-214 -61 0
-215 -62 0
-216 -63 0
-217 -64 0
-218 -65 0
-219 -66 0
-220 -67 0
-221 -68 0
-205 -69 0
-206 -70 0
-207 -71 0
-208 -72 0
-209 -73 0
-210 -74 0
-211 -75 0
-212 -76 0
-213 -77 0
-214 -78 0
-215 -79 0
-216 -80 0
-217 -81 0
-218 -82 0
-219 -83 0
-220 -84 0
-221 -85 0
-205 -103 0
-206 -104 0
-207 -105 0
-208 -106 0
-209 -107 0
-210 -108 0
-211 -109 0
-212 -110 0
-213 -111 0
-214 -112 0
-215 -113 0
-216 -114 0
-217 -115 0
-218 -116 0
-219 -117 0
-220 -118 0
-221 -119 0
-205 -120 0
-206 -121 0
-207 -122 0
-208 -123 0
-209 -124 0
-210 -125 0
-211 -126 0
-212 -127 0
-213 -128 0
-214 -129 0
-215 -130 0
-216 -131 0
-217 -132 0
-218 -133 0
-219 -134 0
-220 -135 0
-221 -136 0
-205 -154 0
-206 -155 0
-207 -156 0
-208 -157 0
-209 -158 0
-210 -159 0
-211 -160 0
-212 -161 0
-213 -162 0
-214 -163 0
-215 -164 0
-216 -165 0
-217 -166 0
-218 -167 0
-219 -168 0
-220 -169 0
-221 -170 0
-205 -171 0
-206 -172 0
-207 -173 0
-208 -174 0
-209 -175 0
-210 -176 0
-211 -177 0
-212 -178 0
-213 -179 0
-214 -180 0
-215 -181 0
-216 -182 0
-217 -183 0
-218 -184 0
-219 -185 0
-220 -186 0
-221 -187 0
-205 -341 0
-206 -342 0
-207 -343 0
-208 -344 0
-209 -345 0
-210 -346 0
-211 -347 0
-212 -348 0
-213 -349 0
-214 -350 0
-215 -351 0
-216 -352 0
-217 -353 0
-218 -354 0
-219 -355 0
-220 -356 0
-221 -357 0
-205 -375 0
-206 -376 0
-207 -377 0
-208 -378 0
-209 -379 0
-210 -380 0
-211 -381 0
-212 -382 0
-213 -383 0
-214 -384 0
-215 -385 0
-216 -386 0
-217 -387 0
-218 -388 0
-219 -389 0
-220 -390 0
-221 -391 0
-205 -392 0
-206 -393 0
-207 -394 0
-208 -395 0
-209 -396 0
-210 -397 0
-211 -398 0
-212 -399 0
-213 -400 0
-214 -401 0
-215 -402 0
-216 -403 0
-217 -404 0
-218 -405 0
-219 -406 0
-220 -407 0
-221 -408 0
238 237 236 235 234 233 232 231 230 229 228 227 226 225 224 223 222 0
-222 -223 0
-222 -224 0
-222 -225 0
-222 -226 0
-222 -227 0
-222 -228 0
-222 -229 0
-222 -230 0
-222 -231 0
-222 -232 0
-222 -233 0
-222 -234 0
-222 -235 0
-222 -236 0
-222 -237 0
-222 -238 0
-223 -224 0
-223 -225 0
-223 -226 0
-223 -227 0
-223 -228 0
-223 -229 0
-223 -230 0
-223 -231 0
-223 -232 0
-223 -233 0
-223 -234 0
-223 -235 0
-223 -236 0
-223 -237 0
-223 -238 0
-224 -225 0
-224 -226 0
-224 -227 0
-224 -228 0
-224 -229 0
-224 -230 0
-224 -231 0
-224 -232 0
-224 -233 0
-224 -234 0
-224 -235 0
-224 -236 0
-224 -237 0
-224 -238 0
-225 -226 0
-225 -227 0
-225 -228 0
-225 -229 0
-225 -230 0
-225 -231 0
-225 -232 0
-225 -233 0
-225 -234 0
-225 -235 0
-225 -236 0
-225 -237 0
-225 -238 0
-226 -227 0
-226 -228 0
-226 -229 0
-226 -230 0
-226 -231 0
-226 -232 0
-226 -233 0
-226 -234 0
-226 -235 0
-226 -236 0
-226 -237 0
-226 -238 0
-227 -228 0
-227 -229 0
-227 -230 0
-227 -231 0
-227 -232 0
-227 -233 0
-227 -234 0
-227 -235 0
-227 -236 0
-227 -237 0
-227 -238 0
-228 -229 0
-228 -230 0
-228 -231 0
-228 -232 0
-228 -233 0
-228 -234 0
-228 -235 0
-228 -236 0
-228 -237 0
-228 -238 0
-229 -230 0
-229 -231 0
-229 -232 0
-229 -233 0
-229 -234 0
-229 -235 0
-229 -236 0
-229 -237 0
-229 -238 0
-230 -231 0
-230 -232 0
-230 -233 0
-230 -234 0
-230 -235 0
-230 -236 0
-230 -237 0
-230 -238 0
-231 -232 0
-231 -233 0
-231 -234 0
-231 -235 0
-231 -236 0
-231 -237 0
-231 -238 0
-232 -233 0
-232 -234 0
-232 -235 0
-232 -236 0
-232 -237 0
-232 -238 0
-233 -234 0
-233 -235 0
-233 -236 0
-233 -237 0
-233 -238 0
-234 -235 0
-234 -236 0
-234 -237 0
-234 -238 0
-235 -236 0
-235 -237 0
-235 -238 0
-236 -237 0
-236 -238 0
-237 -238 0
-222 -18 0
-223 -19 0
-224 -20 0
-225 -21 0
-226 -22 0
-227 -23 0
-228 -24 0
-229 -25 0
-230 -26 0
-231 -27 0
-232 -28 0
-233 -29 0
-234 -30 0
-235 -31 0
-236 -32 0
-237 -33 0
-238 -34 0
-222 -52 0
-223 -53 0
-224 -54 0
-225 -55 0
-226 -56 0
-227 -57 0
-228 -58 0
-229 -59 0
-230 -60 0
-231 -61 0
-232 -62 0
-233 -63 0
-234 -64 0
-235 -65 0
-236 -66 0
-237 -67 0
-238 -68 0
-222 -69 0
-223 -70 0
-224 -71 0
-225 -72 0
-226 -73 0
-227 -74 0
-228 -75 0
-229 -76 0
-230 -77 0
-231 -78 0
-232 -79 0
-233 -80 0
-234 -81 0
-235 -82 0
-236 -83 0
-237 -84 0
-238 -85 0
-222 -120 0
-223 -121 0
-224 -122 0
-225 -123 0
-226 -124 0
-227 -125 0
-228 -126 0
-229 -127 0
-230 -128 0
-231 -129 0
-232 -130 0
-233 -131 0
-234 -132 0
-235 -133 0
-236 -134 0
-237 -135 0
-238 -136 0
-222 -324 0
-223 -325 0
-224 -326 0
-225 -327 0
-226 -328 0
-227 -329 0
-228 -330 0
-229 -331 0
-230 -332 0
-231 -333 0
-232 -334 0
-233 -335 0
-234 -336 0
-235 -337 0
-236 -338 0
-237 -339 0
-238 -340 0
-222 -341 0
-223 -342 0
-224 -343 0
-225 -344 0
-226 -345 0
-227 -346 0
-228 -347 0
-229 -348 0
-230 -349 0
-231 -350 0
-232 -351 0
-233 -352 0
-234 -353 0
-235 -354 0
-236 -355 0
-237 -356 0
-238 -357 0
-222 -358 0
-223 -359 0
-224 -360 0
-225 -361 0
-226 -362 0
-227 -363 0
-228 -364 0
-229 -365 0
-230 -366 0
-231 -367 0
-232 -368 0
-233 -369 0
-234 -370 0
-235 -371 0
-236 -372 0
-237 -373 0
-238 -374 0
-222 -375 0
-223 -376 0
-224 -377 0
-225 -378 0
-226 -379 0
-227 -380 0
-228 -381 0
-229 -382 0
-230 -383 0
-231 -384 0
-232 -385 0
-233 -386 0
-234 -387 0
-235 -388 0
-236 -389 0
-237 -390 0
-238 -391 0
-222 -392 0
-223 -393 0
-224 -394 0
-225 -395 0
-226 -396 0
-227 -397 0
-228 -398 0
-229 -399 0
-230 -400 0
-231 -401 0
-232 -402 0
-233 -403 0
-234 -404 0
-235 -405 0
-236 -406 0
-237 -407 0
-238 -408 0
-222 -409 0
-223 -410 0
-224 -411 0
-225 -412 0
-226 -413 0
-227 -414 0
-228 -415 0
-229 -416 0
-230 -417 0
-231 -418 0
-232 -419 0
-233 -420 0
-234 -421 0
-235 -422 0
-236 -423 0
-237 -424 0
-238 -425 0
255 254 253 252 251 250 249 248 247 246 245 244 243 242 241 240 239 0
-239 -240 0
-239 -241 0
-239 -242 0
-239 -243 0
-239 -244 0
-239 -245 0
-239 -246 0
-239 -247 0
-239 -248 0
-239 -249 0
-239 -250 0
-239 -251 0
-239 -252 0
-239 -253 0
-239 -254 0
-239 -255 0
-240 -241 0
-240 -242 0
-240 -243 0
-240 -244 0
-240 -245 0
-240 -246 0
-240 -247 0
-240 -248 0
-240 -249 0
-240 -250 0
-240 -251 0
-240 -252 0
-240 -253 0
-240 -254 0
-240 -255 0
-241 -242 0
-241 -243 0
-241 -244 0
-241 -245 0
-241 -246 0
-241 -247 0
-241 -248 0
-241 -249 0
-241 -250 0
-241 -251 0
-241 -252 0
-241 -253 0
-241 -254 0
-241 -255 0
-242 -243 0
-242 -244 0
-242 -245 0
-242 -246 0
-242 -247 0
-242 -248 0
-242 -249 0
-242 -250 0
-242 -251 0
-242 -252 0
-242 -253 0
-242 -254 0
-242 -255 0
-243 -244 0
-243 -245 0
-243 -246 0
-243 -247 0
-243 -248 0
-243 -249 0
-243 -250 0
-243 -251 0
-243 -252 0
-243 -253 0
-243 -254 0
-243 -255 0
-244 -245 0
-244 -246 0
-244 -247 0
-244 -248 0
-244 -249 0
-244 -250 0
-244 -251 0
-244 -252 0
-244 -253 0
-244 -254 0
-244 -255 0
-245 -246 0
-245 -247 0
-245 -248 0
-245 -249 0
-245 -250 0
-245 -251 0
-245 -252 0
-245 -253 0
-245 -254 0
-245 -255 0
-246 -247 0
-246 -248 0
-246 -249 0
-246 -250 0
-246 -251 0
-246 -252 0
-246 -253 0
-246 -254 0
-246 -255 0
-247 -248 0
-247 -249 0
-247 -250 0
-247 -251 0
-247 -252 0
-247 -253 0
-247 -254 0
-247 -255 0
-248 -249 0
-248 -250 0
-248 -251 0
-248 -252 0
-248 -253 0
-248 -254 0
-248 -255 0
-249 -250 0
-249 -251 0
-249 -252 0
-249 -253 0
-249 -254 0
-249 -255 0
-250 -251 0
-250 -252 0
-250 -253 0
-250 -254 0
-250 -255 0
-251 -252 0
-251 -253 0
-251 -254 0
-251 -255 0
-252 -253 0
-252 -254 0
-252 -255 0
-253 -254 0
-253 -255 0
-254 -255 0
-239 -69 0
-240 -70 0
-241 -71 0
-242 -72 0
-243 -73 0
-244 -74 0
-245 -75 0
-246 -76 0
-247 -77 0
-248 -78 0
-249 -79 0
-250 -80 0
-251 -81 0
-252 -82 0
-253 -83 0
-254 -84 0
-255 -85 0
-239 -86 0
-240 -87 0
-241 -88 0
-242 -89 0
-243 -90 0
-244 -91 0
-245 -92 0
-246 -93 0
-247 -94 0
-248 -95 0
-249 -96 0
-250 -97 0
-251 -98 0
-252 -99 0
-253 -100 0
-254 -101 0
-255 -102 0
-239 -137 0
-240 -138 0
-241 -139 0
-242 -140 0
-243 -141 0
-244 -142 0
-245 -143 0
-246 -144 0
-247 -145 0
-248 -146 0
-249 -147 0
-250 -148 0
-251 -149 0
-252 -150 0
-253 -151 0
-254 -152 0
-255 -153 0
-239 -154 0
-240 -155 0
-241 -156 0
-242 -157 0
-243 -158 0
-244 -159 0
-245 -160 0
-246 -161 0
-247 -162 0
-248 -163 0
-249 -164 0
-250 -165 0
-251 -166 0
-252 -167 0
-253 -168 0
-254 -169 0
-255 -170 0
-239 -171 0
-240 -172 0
-241 -173 0
-242 -174 0
-243 -175 0
-244 -176 0
-245 -177 0
-246 -178 0
-247 -179 0
-248 -180 0
-249 -181 0
-250 -182 0
-251 -183 0
-252 -184 0
-253 -185 0
-254 -186 0
-255 -187 0
-239 -188 0
-240 -189 0
-241 -190 0
-242 -191 0
-243 -192 0
-244 -193 0
-245 -194 0
-246 -195 0
-247 -196 0
-248 -197 0
-249 -198 0
-250 -199 0
-251 -200 0
-252 -201 0
-253 -202 0
-254 -203 0
-255 -204 0
-239 -290 0
-240 -291 0
-241 -292 0
-242 -293 0
-243 -294 0
-244 -295 0
-245 -296 0
-246 -297 0
-247 -298 0
-248 -299 0
-249 -300 0
-250 -301 0
-251 -302 0
-252 -303 0
-253 -304 0
-254 -305 0
-255 -306 0
-239 -307 0
-240 -308 0
-241 -309 0
-242 -310 0
-243 -311 0
-244 -312 0
-245 -313 0
-246 -314 0
-247 -315 0
-248 -316 0
-249 -317 0
-250 -318 0
-251 -319 0
-252 -320 0
-253 -321 0
-254 -322 0
-255 -323 0
-239 -324 0
-240 -325 0
-241 -326 0
-242 -327 0
-243 -328 0
-244 -329 0
-245 -330 0
-246 -331 0
-247 -332 0
-248 -333 0
-249 -334 0
-250 -335 0
-251 -336 0
-252 -337 0
-253 -338 0
-254 -339 0
-255 -340 0
-239 -375 0
-240 -376 0
-241 -377 0
-242 -378 0
-243 -379 0
-244 -380 0
-245 -381 0
-246 -382 0
-247 -383 0
-248 -384 0
-249 -385 0
-250 -386 0
-251 -387 0
-252 -388 0
-253 -389 0
-254 -390 0
-255 -391 0
-239 -392 0
-240 -393 0
-241 -394 0
-242 -395 0
-243 -396 0
-244 -397 0
-245 -398 0
-246 -399 0
-247 -400 0
-248 -401 0
-249 -402 0
-250 -403 0
-251 -404 0
-252 -405 0
-253 -406 0
-254 -407 0
-255 -408 0
272 271 270 269 268 267 266 265 264 263 262 261 260 259 258 257 256 0
-256 -257 0
-256 -258 0
-256 -259 0
-256 -260 0
-256 -261 0
-256 -262 0
-256 -263 0
-256 -264 0
-256 -265 0
-256 -266 0
-256 -267 0
-256 -268 0
-256 -269 0
-256 -270 0
-256 -271 0
-256 -272 0
-257 -258 0
-257 -259 0
-257 -260 0
-257 -261 0
-257 -262 0
-257 -263 0
-257 -264 0
-257 -265 0
-257 -266 0
-257 -267 0
-257 -268 0
-257 -269 0
-257 -270 0
-257 -271 0
-257 -272 0
-258 -259 0
-258 -260 0
-258 -261 0
-258 -262 0
-258 -263 0
-258 -264 0
-258 -265 0
-258 -266 0
-258 -267 0
-258 -268 0
-258 -269 0
-258 -270 0
-258 -271 0
-258 -272 0
-259 -260 0
-259 -261 0
-259 -262 0
-259 -263 0
-259 -264 0
-259 -265 0
-259 -266 0
-259 -267 0
-259 -268 0
-259 -269 0
-259 -270 0
-259 -271 0
-259 -272 0
-260 -261 0
-260 -262 0
-260 -263 0
-260 -264 0
-260 -265 0
-260 -266 0
-260 -267 0
-260 -268 0
-260 -269 0
-260 -270 0
-260 -271 0
-260 -272 0
-261 -262 0
-261 -263 0
-261 -264 0
-261 -265 0
-261 -266 0
-261 -267 0
-261 -268 0
-261 -269 0
-261 -270 0
-261 -271 0
-261 -272 0
-262 -263 0
-262 -264 0
-262 -265 0
-262 -266 0
-262 -267 0
-262 -268 0
-262 -269 0
-262 -270 0
-262 -271 0
-262 -272 0
-263 -264 0
-263 -265 0
-263 -266 0
-263 -267 0
-263 -268 0
-263 -269 0
-263 -270 0
-263 -271 0
-263 -272 0
-264 -265 0
-264 -266 0
-264 -267 0
-264 -268 0
-264 -269 0
-264 -270 0
-264 -271 0
-264 -272 0
-265 -266 0
-265 -267 0
-265 -268 0
-265 -269 0
-265 -270 0
-265 -271 0
-265 -272 0
-266 -267 0
-266 -268 0
-266 -269 0
-266 -270 0
-266 -271 0
-266 -272 0
-267 -268 0
-267 -269 0
-267 -270 0
-267 -271 0
-267 -272 0
-268 -269 0
-268 -270 0
-268 -271 0
-268 -272 0
-269 -270 0
-269 -271 0
-269 -272 0
-270 -271 0
-270 -272 0
-271 -272 0
-256 -1 0
-257 -2 0
-258 -3 0
-259 -4 0
-260 -5 0
-261 -6 0
-262 -7 0
-263 -8 0
-264 -9 0
-265 -10 0
-266 -11 0
-267 -12 0
-268 -13 0
-269 -14 0
-270 -15 0
-271 -16 0
-272 -17 0
-256 -35 0
-257 -36 0
-258 -37 0
-259 -38 0
-260 -39 0
-261 -40 0
-262 -41 0
-263 -42 0
-264 -43 0
-265 -44 0
-266 -45 0
-267 -46 0
-268 -47 0
-269 -48 0
-270 -49 0
-271 -50 0
-272 -51 0
-256 -69 0
-257 -70 0
-258 -71 0
-259 -72 0
-260 -73 0
-261 -74 0
-262 -75 0
-263 -76 0
-264 -77 0
-265 -78 0
-266 -79 0
-267 -80 0
-268 -81 0
-269 -82 0
-270 -83 0
-271 -84 0
-272 -85 0
-256 -120 0
-257 -121 0
-258 -122 0
-259 -123 0
-260 -124 0
-261 -125 0
-262 -126 0
-263 -127 0
-264 -128 0
-265 -129 0
-266 -130 0
-267 -131 0
-268 -132 0
-269 -133 0
-270 -134 0
-271 -135 0
-272 -136 0
-256 -154 0
-257 -155 0
-258 -156 0
-259 -157 0
-260 -158 0
-261 -159 0
-262 -160 0
-263 -161 0
-264 -162 0
-265 -163 0
-266 -164 0
-267 -165 0
-268 -166 0
-269 -167 0
-270 -168 0
-271 -169 0
-272 -170 0
-256 -171 0
-257 -172 0
-258 -173 0
-259 -174 0
-260 -175 0
-261 -176 0
-262 -177 0
-263 -178 0
-264 -179 0
-265 -180 0
-266 -181 0
-267 -182 0
-268 -183 0
-269 -184 0
-270 -185 0
-271 -186 0
-272 -187 0
-256 -273 0
-257 -274 0
-258 -275 0
-259 -276 0
-260 -277 0
-261 -278 0
-262 -279 0
-263 -280 0
-264 -281 0
-265 -282 0
-266 -283 0
-267 -284 0
-268 -285 0
-269 -286 0
-270 -287 0
-271 -288 0
-272 -289 0
-256 -290 0
-257 -291 0
-258 -292 0
-259 -293 0
-260 -294 0
-261 -295 0
-262 -296 0
-263 -297 0
-264 -298 0
-265 -299 0
-266 -300 0
-267 -301 0
-268 -302 0
-269 -303 0
-270 -304 0
-271 -305 0
-272 -306 0
-256 -307 0
-257 -308 0
-258 -309 0
-259 -310 0
-260 -311 0
-261 -312 0
-262 -313 0
-263 -314 0
-264 -315 0
-265 -316 0
-266 -317 0
-267 -318 0
-268 -319 0
-269 -320 0
-270 -321 0
-271 -322 0
-272 -323 0
-256 -324 0
-257 -325 0
-258 -326 0
-259 -327 0
-260 -328 0
-261 -329 0
-262 -330 0
-263 -331 0
-264 -332 0
-265 -333 0
-266 -334 0
-267 -335 0
-268 -336 0
-269 -337 0
-270 -338 0
-271 -339 0
-272 -340 0
-256 -358 0
-257 -359 0
-258 -360 0
-259 -361 0
-260 -362 0
-261 -363 0
-262 -364 0
-263 -365 0
-264 -366 0
-265 -367 0
-266 -368 0
-267 -369 0
-268 -370 0
-269 -371 0
-270 -372 0
-271 -373 0
-272 -374 0
289 288 287 286 285 284 283 282 281 280 279 278 277 276 275 274 273 0
-273 -274 0
-273 -275 0
-273 -276 0
-273 -277 0
-273 -278 0
-273 -279 0
-273 -280 0
-273 -281 0
-273 -282 0
-273 -283 0
-273 -284 0
-273 -285 0
-273 -286 0
-273 -287 0
-273 -288 0
-273 -289 0
-274 -275 0
-274 -276 0
-274 -277 0
-274 -278 0
-274 -279 0
-274 -280 0
-274 -281 0
-274 -282 0
-274 -283 0
-274 -284 0
-274 -285 0
-274 -286 0
-274 -287 0
-274 -288 0
-274 -289 0
-275 -276 0
-275 -277 0
-275 -278 0
-275 -279 0
-275 -280 0
-275 -281 0
-275 -282 0
-275 -283 0
-275 -284 0
-275 -285 0
-275 -286 0
-275 -287 0
-275 -288 0
-275 -289 0
-276 -277 0
-276 -278 0
-276 -279 0
-276 -280 0
-276 -281 0
-276 -282 0
-276 -283 0
-276 -284 0
-276 -285 0
-276 -286 0
-276 -287 0
-276 -288 0
-276 -289 0
-277 -278 0
-277 -279 0
-277 -280 0
-277 -281 0
-277 -282 0
-277 -283 0
-277 -284 0
-277 -285 0
-277 -286 0
-277 -287 0
-277 -288 0
-277 -289 0
-278 -279 0
-278 -280 0
-278 -281 0
-278 -282 0
-278 -283 0
-278 -284 0
-278 -285 0
-278 -286 0
-278 -287 0
-278 -288 0
-278 -289 0
-279 -280 0
-279 -281 0
-279 -282 0
-279 -283 0
-279 -284 0
-279 -285 0
-279 -286 0
-279 -287 0
-279 -288 0
-279 -289 0
-280 -281 0
-280 -282 0
-280 -283 0
-280 -284 0
-280 -285 0
-280 -286 0
-280 -287 0
-280 -288 0
-280 -289 0
-281 -282 0
-281 -283 0
-281 -284 0
-281 -285 0
-281 -286 0
-281 -287 0
-281 -288 0
-281 -289 0
-282 -283 0
-282 -284 0
-282 -285 0
-282 -286 0
-282 -287 0
-282 -288 0
-282 -289 0
-283 -284 0
-283 -285 0
-283 -286 0
-283 -287 0
-283 -288 0
-283 -289 0
-284 -285 0
-284 -286 0
-284 -287 0
-284 -288 0
-284 -289 0
-285 -286 0
-285 -287 0
-285 -288 0
-285 -289 0
-286 -287 0
-286 -288 0
-286 -289 0
-287 -288 0
-287 -289 0
-288 -289 0
-273 -1 0
-274 -2 0
-275 -3 0
-276 -4 0
-277 -5 0
-278 -6 0
-279 -7 0
-280 -8 0
-281 -9 0
-282 -10 0
-283 -11 0
-284 -12 0
-285 -13 0
-286 -14 0
-287 -15 0
-288 -16 0
-289 -17 0
-273 -35 0
-274 -36 0
-275 -37 0
-276 -38 0
-277 -39 0
-278 -40 0
-279 -41 0
-280 -42 0
-281 -43 0
-282 -44 0
-283 -45 0
-284 -46 0
-285 -47 0
-286 -48 0
-287 -49 0
-288 -50 0
-289 -51 0
-273 -103 0
-274 -104 0
-275 -105 0
-276 -106 0
-277 -107 0
-278 -108 0
-279 -109 0
-280 -110 0
-281 -111 0
-282 -112 0
-283 -113 0
-284 -114 0
-285 -115 0
-286 -116 0
-287 -117 0
-288 -118 0
-289 -119 0
-273 -137 0
-274 -138 0
-275 -139 0
-276 -140 0
-277 -141 0
-278 -142 0
-279 -143 0
-280 -144 0
-281 -145 0
-282 -146 0
-283 -147 0
-284 -148 0
-285 -149 0
-286 -150 0
-287 -151 0
-288 -152 0
-289 -153 0
-273 -154 0
-274 -155 0
-275 -156 0
-276 -157 0
-277 -158 0
-278 -159 0
-279 -160 0
-280 -161 0
-281 -162 0
-282 -163 0
-283 -164 0
-284 -165 0
-285 -166 0
-286 -167 0
-287 -168 0
-288 -169 0
-289 -170 0
-273 -171 0
-274 -172 0
-275 -173 0
-276 -174 0
-277 -175 0
-278 -176 0
-279 -177 0
-280 -178 0
-281 -179 0
-282 -180 0
-283 -181 0
-284 -182 0
-285 -183 0
-286 -184 0
-287 -185 0
-288 -186 0
-289 -187 0
-273 -256 0
-274 -257 0
-275 -258 0
-276 -259 0
-277 -260 0
-278 -261 0
-279 -262 0
-280 -263 0
-281 -264 0
-282 -265 0
-283 -266 0
-284 -267 0
-285 -268 0
-286 -269 0
-287 -270 0
-288 -271 0
-289 -272 0
-273 -290 0
-274 -291 0
-275 -292 0
-276 -293 0
-277 -294 0
-278 -295 0
-279 -296 0
-280 -297 0
-281 -298 0
-282 -299 0
-283 -300 0
-284 -301 0
-285 -302 0
-286 -303 0
-287 -304 0
-288 -305 0
-289 -306 0
-273 -307 0
-274 -308 0
-275 -309 0
-276 -310 0
-277 -311 0
-278 -312 0
-279 -313 0
-280 -314 0
-281 -315 0
-282 -316 0
-283 -317 0
-284 -318 0
-285 -319 0
-286 -320 0
-287 -321 0
-288 -322 0
-289 -323 0
-273 -341 0
-274 -342 0
-275 -343 0
-276 -344 0
-277 -345 0
-278 -346 0
-279 -347 0
-280 -348 0
-281 -349 0
-282 -350 0
-283 -351 0
-284 -352 0
-285 -353 0
-286 -354 0
-287 -355 0
-288 -356 0
-289 -357 0
-273 -375 0
-274 -376 0
-275 -377 0
-276 -378 0
-277 -379 0
-278 -380 0
-279 -381 0
-280 -382 0
-281 -383 0
-282 -384 0
-283 -385 0
-284 -386 0
-285 -387 0
-286 -388 0
-287 -389 0
-288 -390 0
-289 -391 0
-273 -409 0
-274 -410 0
-275 -411 0
-276 -412 0
-277 -413 0
-278 -414 0
-279 -415 0
-280 -416 0
-281 -417 0
-282 -418 0
-283 -419 0
-284 -420 0
-285 -421 0
-286 -422 0
-287 -423 0
-288 -424 0
-289 -425 0
306 305 304 303 302 301 300 299 298 297 296 295 294 293 292 291 290 0
-290 -291 0
-290 -292 0
-290 -293 0
-290 -294 0
-290 -295 0
-290 -296 0
-290 -297 0
-290 -298 0
-290 -299 0
-290 -300 0
-290 -301 0
-290 -302 0
-290 -303 0
-290 -304 0
-290 -305 0
-290 -306 0
-291 -292 0
-291 -293 0
-291 -294 0
-291 -295 0
-291 -296 0
-291 -297 0
-291 -298 0
-291 -299 0
-291 -300 0
-291 -301 0
-291 -302 0
-291 -303 0
-291 -304 0
-291 -305 0
-291 -306 0
-292 -293 0
-292 -294 0
-292 -295 0
-292 -296 0
-292 -297 0
-292 -298 0
-292 -299 0
-292 -300 0
-292 -301 0
-292 -302 0
-292 -303 0
-292 -304 0
-292 -305 0
-292 -306 0
-293 -294 0
-293 -295 0
-293 -296 0
-293 -297 0
-293 -298 0
-293 -299 0
-293 -300 0
-293 -301 0
-293 -302 0
-293 -303 0
-293 -304 0
-293 -305 0
-293 -306 0
-294 -295 0
-294 -296 0
-294 -297 0
-294 -298 0
-294 -299 0
-294 -300 0
-294 -301 0
-294 -302 0
-294 -303 0
-294 -304 0
-294 -305 0
-294 -306 0
-295 -296 0
-295 -297 0
-295 -298 0
-295 -299 0
-295 -300 0
-295 -301 0
-295 -302 0
-295 -303 0
-295 -304 0
-295 -305 0
-295 -306 0
-296 -297 0
-296 -298 0
-296 -299 0
-296 -300 0
-296 -301 0
-296 -302 0
-296 -303 0
-296 -304 0
-296 -305 0
-296 -306 0
-297 -298 0
-297 -299 0
-297 -300 0
-297 -301 0
-297 -302 0
-297 -303 0
-297 -304 0
-297 -305 0
-297 -306 0
-298 -299 0
-298 -300 0
-298 -301 0
-298 -302 0
-298 -303 0
-298 -304 0
-298 -305 0
-298 -306 0
-299 -300 0
-299 -301 0
-299 -302 0
-299 -303 0
-299 -304 0
-299 -305 0
-299 -306 0
-300 -301 0
-300 -302 0
-300 -303 0
-300 -304 0
-300 -305 0
-300 -306 0
-301 -302 0
-301 -303 0
-301 -304 0
-301 -305 0
-301 -306 0
-302 -303 0
-302 -304 0
-302 -305 0
-302 -306 0
-303 -304 0
-303 -305 0
-303 -306 0
-304 -305 0
-304 -306 0
-305 -306 0
-290 -1 0
-291 -2 0
-292 -3 0
-293 -4 0
-294 -5 0
-295 -6 0
-296 -7 0
-297 -8 0
-298 -9 0
-299 -10 0
-300 -11 0
-301 -12 0
-302 -13 0
-303 -14 0
-304 -15 0
-305 -16 0
-306 -17 0
-290 -35 0
-291 -36 0
-292 -37 0
-293 -38 0
-294 -39 0
-295 -40 0
-296 -41 0
-297 -42 0
-298 -43 0
-299 -44 0
-300 -45 0
-301 -46 0
-302 -47 0
-303 -48 0
-304 -49 0
-305 -50 0
-306 -51 0
-290 -52 0
-291 -53 0
-292 -54 0
-293 -55 0
-294 -56 0
-295 -57 0
-296 -58 0
-297 -59 0
-298 -60 0
-299 -61 0
-300 -62 0
-301 -63 0
-302 -64 0
-303 -65 0
-304 -66 0
-305 -67 0
-306 -68 0
-290 -69 0
-291 -70 0
-292 -71 0
-293 -72 0
-294 -73 0
-295 -74 0
-296 -75 0
-297 -76 0
-298 -77 0
-299 -78 0
-300 -79 0
-301 -80 0
-302 -81 0
-303 -82 0
-304 -83 0
-305 -84 0
-306 -85 0
-290 -188 0
-291 -189 0
-292 -190 0
-293 -191 0
-294 -192 0
-295 -193 0
-296 -194 0
-297 -195 0
-298 -196 0
-299 -197 0
-300 -198 0
-301 -199 0
-302 -200 0
-303 -201 0
-304 -202 0
-305 -203 0
-306 -204 0
-290 -239 0
-291 -240 0
-292 -241 0
-293 -242 0
-294 -243 0
-295 -244 0
-296 -245 0
-297 -246 0
-298 -247 0
-299 -248 0
-300 -249 0
-301 -250 0
-302 -251 0
-303 -252 0
-304 -253 0
-305 -254 0
-306 -255 0
-290 -256 0
-291 -257 0
-292 -258 0
-293 -259 0
-294 -260 0
-295 -261 0
-296 -262 0
-297 -263 0
-298 -264 0
-299 -265 0
-300 -266 0
-301 -267 0
-302 -268 0
-303 -269 0
-304 -270 0
-305 -271 0
-306 -272 0
-290 -273 0
-291 -274 0
-292 -275 0
-293 -276 0
-294 -277 0
-295 -278 0
-296 -279 0
-297 -280 0
-298 -281 0
-299 -282 0
-300 -283 0
-301 -284 0
-302 -285 0
-303 -286 0
-304 -287 0
-305 -288 0
-306 -289 0
-290 -307 0
-291 -308 0
-292 -309 0
-293 -310 0
-294 -311 0
-295 -312 0
-296 -313 0
-297 -314 0
-298 -315 0
-299 -316 0
-300 -317 0
-301 -318 0
-302 -319 0
-303 -320 0
-304 -321 0
-305 -322 0
-306 -323 0
-290 -358 0
-291 -359 0
-292 -360 0
-293 -361 0
-294 -362 0
-295 -363 0
-296 -364 0
-297 -365 0
-298 -366 0
-299 -367 0
-300 -368 0
-301 -369 0
-302 -370 0
-303 -371 0
-304 -372 0
-305 -373 0
-306 -374 0
-290 -375 0
-291 -376 0
-292 -377 0
-293 -378 0
-294 -379 0
-295 -380 0
-296 -381 0
-297 -382 0
-298 -383 0
-299 -384 0
-300 -385 0
-301 -386 0
-302 -387 0
-303 -388 0
-304 -389 0
-305 -390 0
-306 -391 0
323 322 321 320 319 318 317 316 315 314 313 312 311 310 309 308 307 0
-307 -308 0
-307 -309 0
-307 -310 0
-307 -311 0
-307 -312 0
-307 -313 0
-307 -314 0
-307 -315 0
-307 -316 0
-307 -317 0
-307 -318 0
-307 -319 0
-307 -320 0
-307 -321 0
-307 -322 0
-307 -323 0
-308 -309 0
-308 -310 0
-308 -311 0
-308 -312 0
-308 -313 0
-308 -314 0
-308 -315 0
-308 -316 0
-308 -317 0
-308 -318 0
-308 -319 0
-308 -320 0
-308 -321 0
-308 -322 0
-308 -323 0
-309 -310 0
-309 -311 0
-309 -312 0
-309 -313 0
-309 -314 0
-309 -315 0
-309 -316 0
-309 -317 0
-309 -318 0
-309 -319 0
-309 -320 0
-309 -321 0
-309 -322 0
-309 -323 0
-310 -311 0
-310 -312 0
-310 -313 0
-310 -314 0
-310 -315 0
-310 -316 0
-310 -317 0
-310 -318 0
-310 -319 0
-310 -320 0
-310 -321 0
-310 -322 0
-310 -323 0
-311 -312 0
-311 -313 0
-311 -314 0
-311 -315 0
-311 -316 0
-311 -317 0
-311 -318 0
-311 -319 0
-311 -320 0
-311 -321 0
-311 -322 0
-311 -323 0
-312 -313 0
-312 -314 0
-312 -315 0
-312 -316 0
-312 -317 0
-312 -318 0
-312 -319 0
-312 -320 0
-312 -321 0
-312 -322 0
-312 -323 0
-313 -314 0
-313 -315 0
-313 -316 0
-313 -317 0
-313 -318 0
-313 -319 0
-313 -320 0
-313 -321 0
-313 -322 0
-313 -323 0
-314 -315 0
-314 -316 0
-314 -317 0
-314 -318 0
-314 -319 0
-314 -320 0
-314 -321 0
-314 -322 0
-314 -323 0
-315 -316 0
-315 -317 0
-315 -318 0
-315 -319 0
-315 -320 0
-315 -321 0
-315 -322 0
-315 -323 0
-316 -317 0
-316 -318 0
-316 -319 0
-316 -320 0
-316 -321 0
-316 -322 0
-316 -323 0
-317 -318 0
-317 -319 0
-317 -320 0
-317 -321 0
-317 -322 0
-317 -323 0
-318 -319 0
-318 -320 0
-318 -321 0
-318 -322 0
-318 -323 0
-319 -320 0
-319 -321 0
-319 -322 0
-319 -323 0
-320 -321 0
-320 -322 0
-320 -323 0
-321 -322 0
-321 -323 0
-322 -323 0
-307 -1 0
-308 -2 0
-309 -3 0
-310 -4 0
-311 -5 0
-312 -6 0
-313 -7 0
-314 -8 0
-315 -9 0
-316 -10 0
-317 -11 0
-318 -12 0
-319 -13 0
-320 -14 0
-321 -15 0
-322 -16 0
-323 -17 0
-307 -35 0
-308 -36 0
-309 -37 0
-310 -38 0
-311 -39 0
-312 -40 0
-313 -41 0
-314 -42 0
-315 -43 0
-316 -44 0
-317 -45 0
-318 -46 0
-319 -47 0
-320 -48 0
-321 -49 0
-322 -50 0
-323 -51 0
-307 -86 0
-308 -87 0
-309 -88 0
-310 -89 0
-311 -90 0
-312 -91 0
-313 -92 0
-314 -93 0
-315 -94 0
-316 -95 0
-317 -96 0
-318 -97 0
-319 -98 0
-320 -99 0
-321 -100 0
-322 -101 0
-323 -102 0
-307 -103 0
-308 -104 0
-309 -105 0
-310 -106 0
-311 -107 0
-312 -108 0
-313 -109 0
-314 -110 0
-315 -111 0
-316 -112 0
-317 -113 0
-318 -114 0
-319 -115 0
-320 -116 0
-321 -117 0
-322 -118 0
-323 -119 0
-307 -120 0
-308 -121 0
-309 -122 0
-310 -123 0
-311 -124 0
-312 -125 0
-313 -126 0
-314 -127 0
-315 -128 0
-316 -129 0
-317 -130 0
-318 -131 0
-319 -132 0
-320 -133 0
-321 -134 0
-322 -135 0
-323 -136 0
-307 -137 0
-308 -138 0
-309 -139 0
-310 -140 0
-311 -141 0
-312 -142 0
-313 -143 0
-314 -144 0
-315 -145 0
-316 -146 0
-317 -147 0
-318 -148 0
-319 -149 0
-320 -150 0
-321 -151 0
-322 -152 0
-323 -153 0
-307 -154 0
-308 -155 0
-309 -156 0
-310 -157 0
-311 -158 0
-312 -159 0
-313 -160 0
-314 -161 0
-315 -162 0
-316 -163 0
-317 -164 0
-318 -165 0
-319 -166 0
-320 -167 0
-321 -168 0
-322 -169 0
-323 -170 0
-307 -239 0
-308 -240 0
-309 -241 0
-310 -242 0
-311 -243 0
-312 -244 0
-313 -245 0
-314 -246 0
-315 -247 0
-316 -248 0
-317 -249 0
-318 -250 0
-319 -251 0
-320 -252 0
-321 -253 0
-322 -254 0
-323 -255 0
-307 -256 0
-308 -257 0
-309 -258 0
-310 -259 0
-311 -260 0
-312 -261 0
-313 -262 0
-314 -263 0
-315 -264 0
-316 -265 0
-317 -266 0
-318 -267 0
-319 -268 0
-320 -269 0
-321 -270 0
-322 -271 0
-323 -272 0
-307 -273 0
-308 -274 0
-309 -275 0
-310 -276 0
-311 -277 0
-312 -278 0
-313 -279 0
-314 -280 0
-315 -281 0
-316 -282 0
-317 -283 0
-318 -284 0
-319 -285 0
-320 -286 0
-321 -287 0
-322 -288 0
-323 -289 0
-307 -290 0
-308 -291 0
-309 -292 0
-310 -293 0
-311 -294 0
-312 -295 0
-313 -296 0
-314 -297 0
-315 -298 0
-316 -299 0
-317 -300 0
-318 -301 0
-319 -302 0
-320 -303 0
-321 -304 0
-322 -305 0
-323 -306 0
-307 -375 0
-308 -376 0
-309 -377 0
-310 -378 0
-311 -379 0
-312 -380 0
-313 -381 0
-314 -382 0
-315 -383 0
-316 -384 0
-317 -385 0
-318 -386 0
-319 -387 0
-320 -388 0
-321 -389 0
-322 -390 0
-323 -391 0
340 339 338 337 336 335 334 333 332 331 330 329 328 327 326 325 324 0
-324 -325 0
-324 -326 0
-324 -327 0
-324 -328 0
-324 -329 0
-324 -330 0
-324 -331 0
-324 -332 0
-324 -333 0
-324 -334 0
-324 -335 0
-324 -336 0
-324 -337 0
-324 -338 0
-324 -339 0
-324 -340 0
-325 -326 0
-325 -327 0
-325 -328 0
-325 -329 0
-325 -330 0
-325 -331 0
-325 -332 0
-325 -333 0
-325 -334 0
-325 -335 0
-325 -336 0
-325 -337 0
-325 -338 0
-325 -339 0
-325 -340 0
-326 -327 0
-326 -328 0
-326 -329 0
-326 -330 0
-326 -331 0
-326 -332 0
-326 -333 0
-326 -334 0
-326 -335 0
-326 -336 0
-326 -337 0
-326 -338 0
-326 -339 0
-326 -340 0
-327 -328 0
-327 -329 0
-327 -330 0
-327 -331 0
-327 -332 0
-327 -333 0
-327 -334 0
-327 -335 0
-327 -336 0
-327 -337 0
-327 -338 0
-327 -339 0
-327 -340 0
-328 -329 0
-328 -330 0
-328 -331 0
-328 -332 0
-328 -333 0
-328 -334 0
-328 -335 0
-328 -336 0
-328 -337 0
-328 -338 0
-328 -339 0
-328 -340 0
-329 -330 0
-329 -331 0
-329 -332 0
-329 -333 0
-329 -334 0
-329 -335 0
-329 -336 0
-329 -337 0
-329 -338 0
-329 -339 0
-329 -340 0
-330 -331 0
-330 -332 0
-330 -333 0
-330 -334 0
-330 -335 0
-330 -336 0
-330 -337 0
-330 -338 0
-330 -339 0
-330 -340 0
-331 -332 0
-331 -333 0
-331 -334 0
-331 -335 0
-331 -336 0
-331 -337 0
-331 -338 0
-331 -339 0
-331 -340 0
-332 -333 0
-332 -334 0
-332 -335 0
-332 -336 0
-332 -337 0
-332 -338 0
-332 -339 0
-332 -340 0
-333 -334 0
-333 -335 0
-333 -336 0
-333 -337 0
-333 -338 0
-333 -339 0
-333 -340 0
-334 -335 0
-334 -336 0
-334 -337 0
-334 -338 0
-334 -339 0
-334 -340 0
-335 -336 0
-335 -337 0
-335 -338 0
-335 -339 0
-335 -340 0
-336 -337 0
-336 -338 0
-336 -339 0
-336 -340 0
-337 -338 0
-337 -339 0
-337 -340 0
-338 -339 0
-338 -340 0
-339 -340 0
-324 -35 0
-325 -36 0
-326 -37 0
-327 -38 0
-328 -39 0
-329 -40 0
-330 -41 0
-331 -42 0
-332 -43 0
-333 -44 0
-334 -45 0
-335 -46 0
-336 -47 0
-337 -48 0
-338 -49 0
-339 -50 0
-340 -51 0
-324 -69 0
-325 -70 0
-326 -71 0
-327 -72 0
-328 -73 0
-329 -74 0
-330 -75 0
-331 -76 0
-332 -77 0
-333 -78 0
-334 -79 0
-335 -80 0
-336 -81 0
-337 -82 0
-338 -83 0
-339 -84 0
-340 -85 0
-324 -137 0
-325 -138 0
-326 -139 0
-327 -140 0
-328 -141 0
-329 -142 0
-330 -143 0
-331 -144 0
-332 -145 0
-333 -146 0
-334 -147 0
-335 -148 0
-336 -149 0
-337 -150 0
-338 -151 0
-339 -152 0
-340 -153 0
-324 -171 0
-325 -172 0
-326 -173 0
-327 -174 0
-328 -175 0
-329 -176 0
-330 -177 0
-331 -178 0
-332 -179 0
-333 -180 0
-334 -181 0
-335 -182 0
-336 -183 0
-337 -184 0
-338 -185 0
-339 -186 0
-340 -187 0
-324 -222 0
-325 -223 0
-326 -224 0
-327 -225 0
-328 -226 0
-329 -227 0
-330 -228 0
-331 -229 0
-332 -230 0
-333 -231 0
-334 -232 0
-335 -233 0
-336 -234 0
-337 -235 0
-338 -236 0
-339 -237 0
-340 -238 0
-324 -239 0
-325 -240 0
-326 -241 0
-327 -242 0
-328 -243 0
-329 -244 0
-330 -245 0
-331 -246 0
-332 -247 0
-333 -248 0
-334 -249 0
-335 -250 0
-336 -251 0
-337 -252 0
-338 -253 0
-339 -254 0
-340 -255 0
-324 -256 0
-325 -257 0
-326 -258 0
-327 -259 0
-328 -260 0
-329 -261 0
-330 -262 0
-331 -263 0
-332 -264 0
-333 -265 0
-334 -266 0
-335 -267 0
-336 -268 0
-337 -269 0
-338 -270 0
-339 -271 0
-340 -272 0
-324 -341 0
-325 -342 0
-326 -343 0
-327 -344 0
-328 -345 0
-329 -346 0
-330 -347 0
-331 -348 0
-332 -349 0
-333 -350 0
-334 -351 0
-335 -352 0
-336 -353 0
-337 -354 0
-338 -355 0
-339 -356 0
-340 -357 0
-324 -375 0
-325 -376 0
-326 -377 0
-327 -378 0
-328 -379 0
-329 -380 0
-330 -381 0
-331 -382 0
-332 -383 0
-333 -384 0
-334 -385 0
-335 -386 0
-336 -387 0
-337 -388 0
-338 -389 0
-339 -390 0
-340 -391 0
357 356 355 354 353 352 351 350 349 348 347 346 345 344 343 342 341 0
-341 -342 0
-341 -343 0
-341 -344 0
-341 -345 0
-341 -346 0
-341 -347 0
-341 -348 0
-341 -349 0
-341 -350 0
-341 -351 0
-341 -352 0
-341 -353 0
-341 -354 0
-341 -355 0
-341 -356 0
-341 -357 0
-342 -343 0
-342 -344 0
-342 -345 0
-342 -346 0
-342 -347 0
-342 -348 0
-342 -349 0
-342 -350 0
-342 -351 0
-342 -352 0
-342 -353 0
-342 -354 0
-342 -355 0
-342 -356 0
-342 -357 0
-343 -344 0
-343 -345 0
-343 -346 0
-343 -347 0
-343 -348 0
-343 -349 0
-343 -350 0
-343 -351 0
-343 -352 0
-343 -353 0
-343 -354 0
-343 -355 0
-343 -356 0
-343 -357 0
-344 -345 0
-344 -346 0
-344 -347 0
-344 -348 0
-344 -349 0
-344 -350 0
-344 -351 0
-344 -352 0
-344 -353 0
-344 -354 0
-344 -355 0
-344 -356 0
-344 -357 0
-345 -346 0
-345 -347 0
-345 -348 0
-345 -349 0
-345 -350 0
-345 -351 0
-345 -352 0
-345 -353 0
-345 -354 0
-345 -355 0
-345 -356 0
-345 -357 0
-346 -347 0
-346 -348 0
-346 -349 0
-346 -350 0
-346 -351 0
-346 -352 0
-346 -353 0
-346 -354 0
-346 -355 0
-346 -356 0
-346 -357 0
-347 -348 0
-347 -349 0
-347 -350 0
-347 -351 0
-347 -352 0
-347 -353 0
-347 -354 0
-347 -355 0
-347 -356 0
-347 -357 0
-348 -349 0
-348 -350 0
-348 -351 0
-348 -352 0
-348 -353 0
-348 -354 0
-348 -355 0
-348 -356 0
-348 -357 0
-349 -350 0
-349 -351 0
-349 -352 0
-349 -353 0
-349 -354 0
-349 -355 0
-349 -356 0
-349 -357 0
-350 -351 0
-350 -352 0
-350 -353 0
-350 -354 0
-350 -355 0
-350 -356 0
-350 -357 0
-351 -352 0
-351 -353 0
-351 -354 0
-351 -355 0
-351 -356 0
-351 -357 0
-352 -353 0
-352 -354 0
-352 -355 0
-352 -356 0
-352 -357 0
-353 -354 0
-353 -355 0
-353 -356 0
-353 -357 0
-354 -355 0
-354 -356 0
-354 -357 0
-355 -356 0
-355 -357 0
-356 -357 0
-341 -1 0
-342 -2 0
-343 -3 0
-344 -4 0
-345 -5 0
-346 -6 0
-347 -7 0
-348 -8 0
-349 -9 0
-350 -10 0
-351 -11 0
-352 -12 0
-353 -13 0
-354 -14 0
-355 -15 0
-356 -16 0
-357 -17 0
-341 -18 0
-342 -19 0
-343 -20 0
-344 -21 0
-345 -22 0
-346 -23 0
-347 -24 0
-348 -25 0
-349 -26 0
-350 -27 0
-351 -28 0
-352 -29 0
-353 -30 0
-354 -31 0
-355 -32 0
-356 -33 0
-357 -34 0
-341 -35 0
-342 -36 0
-343 -37 0
-344 -38 0
-345 -39 0
-346 -40 0
-347 -41 0
-348 -42 0
-349 -43 0
-350 -44 0
-351 -45 0
-352 -46 0
-353 -47 0
-354 -48 0
-355 -49 0
-356 -50 0
-357 -51 0
-341 -52 0
-342 -53 0
-343 -54 0
-344 -55 0
-345 -56 0
-346 -57 0
-347 -58 0
-348 -59 0
-349 -60 0
-350 -61 0
-351 -62 0
-352 -63 0
-353 -64 0
-354 -65 0
-355 -66 0
-356 -67 0
-357 -68 0
-341 -86 0
-342 -87 0
-343 -88 0
-344 -89 0
-345 -90 0
-346 -91 0
-347 -92 0
-348 -93 0
-349 -94 0
-350 -95 0
-351 -96 0
-352 -97 0
-353 -98 0
-354 -99 0
-355 -100 0
-356 -101 0
-357 -102 0
-341 -120 0
-342 -121 0
-343 -122 0
-344 -123 0
-345 -124 0
-346 -125 0
-347 -126 0
-348 -127 0
-349 -128 0
-350 -129 0
-351 -130 0
-352 -131 0
-353 -132 0
-354 -133 0
-355 -134 0
-356 -135 0
-357 -136 0
-341 -154 0
-342 -155 0
-343 -156 0
-344 -157 0
-345 -158 0
-346 -159 0
-347 -160 0
-348 -161 0
-349 -162 0
-350 -163 0
-351 -164 0
-352 -165 0
-353 -166 0
-354 -167 0
-355 -168 0
-356 -169 0
-357 -170 0
-341 -171 0
-342 -172 0
-343 -173 0
-344 -174 0
-345 -175 0
-346 -176 0
-347 -177 0
-348 -178 0
-349 -179 0
-350 -180 0
-351 -181 0
-352 -182 0
-353 -183 0
-354 -184 0
-355 -185 0
-356 -186 0
-357 -187 0
-341 -205 0
-342 -206 0
-343 -207 0
-344 -208 0
-345 -209 0
-346 -210 0
-347 -211 0
-348 -212 0
-349 -213 0
-350 -214 0
-351 -215 0
-352 -216 0
-353 -217 0
-354 -218 0
-355 -219 0
-356 -220 0
-357 -221 0
-341 -222 0
-342 -223 0
-343 -224 0
-344 -225 0
-345 -226 0
-346 -227 0
-347 -228 0
-348 -229 0
-349 -230 0
-350 -231 0
-351 -232 0
-352 -233 0
-353 -234 0
-354 -235 0
-355 -236 0
-356 -237 0
-357 -238 0
-341 -273 0
-342 -274 0
-343 -275 0
-344 -276 0
-345 -277 0
-346 -278 0
-347 -279 0
-348 -280 0
-349 -281 0
-350 -282 0
-351 -283 0
-352 -284 0
-353 -285 0
-354 -286 0
-355 -287 0
-356 -288 0
-357 -289 0
-341 -324 0
-342 -325 0
-343 -326 0
-344 -327 0
-345 -328 0
-346 -329 0
-347 -330 0
-348 -331 0
-349 -332 0
-350 -333 0
-351 -334 0
-352 -335 0
-353 -336 0
-354 -337 0
-355 -338 0
-356 -339 0
-357 -340 0
-341 -358 0
-342 -359 0
-343 -360 0
-344 -361 0
-345 -362 0
-346 -363 0
-347 -364 0
-348 -365 0
-349 -366 0
-350 -367 0
-351 -368 0
-352 -369 0
-353 -370 0
-354 -371 0
-355 -372 0
-356 -373 0
-357 -374 0
-341 -375 0
-342 -376 0
-343 -377 0
-344 -378 0
-345 -379 0
-346 -380 0
-347 -381 0
-348 -382 0
-349 -383 0
-350 -384 0
-351 -385 0
-352 -386 0
-353 -387 0
-354 -388 0
-355 -389 0
-356 -390 0
-357 -391 0
-341 -392 0
-342 -393 0
-343 -394 0
-344 -395 0
-345 -396 0
-346 -397 0
-347 -398 0
-348 -399 0
-349 -400 0
-350 -401 0
-351 -402 0
-352 -403 0
-353 -404 0
-354 -405 0
-355 -406 0
-356 -407 0
-357 -408 0
374 373 372 371 370 369 368 367 366 365 364 363 362 361 360 359 358 0
-358 -359 0
-358 -360 0
-358 -361 0
-358 -362 0
-358 -363 0
-358 -364 0
-358 -365 0
-358 -366 0
-358 -367 0
-358 -368 0
-358 -369 0
-358 -370 0
-358 -371 0
-358 -372 0
-358 -373 0
-358 -374 0
-359 -360 0
-359 -361 0
-359 -362 0
-359 -363 0
-359 -364 0
-359 -365 0
-359 -366 0
-359 -367 0
-359 -368 0
-359 -369 0
-359 -370 0
-359 -371 0
-359 -372 0
-359 -373 0
-359 -374 0
-360 -361 0
-360 -362 0
-360 -363 0
-360 -364 0
-360 -365 0
-360 -366 0
-360 -367 0
-360 -368 0
-360 -369 0
-360 -370 0
-360 -371 0
-360 -372 0
-360 -373 0
-360 -374 0
-361 -362 0
-361 -363 0
-361 -364 0
-361 -365 0
-361 -366 0
-361 -367 0
-361 -368 0
-361 -369 0
-361 -370 0
-361 -371 0
-361 -372 0
-361 -373 0
-361 -374 0
-362 -363 0
-362 -364 0
-362 -365 0
-362 -366 0
-362 -367 0
-362 -368 0
-362 -369 0
-362 -370 0
-362 -371 0
-362 -372 0
-362 -373 0
-362 -374 0
-363 -364 0
-363 -365 0
-363 -366 0
-363 -367 0
-363 -368 0
-363 -369 0
-363 -370 0
-363 -371 0
-363 -372 0
-363 -373 0
-363 -374 0
-364 -365 0
-364 -366 0
-364 -367 0
-364 -368 0
-364 -369 0
-364 -370 0
-364 -371 0
-364 -372 0
-364 -373 0
-364 -374 0
-365 -366 0
-365 -367 0
-365 -368 0
-365 -369 0
-365 -370 0
-365 -371 0
-365 -372 0
-365 -373 0
-365 -374 0
-366 -367 0
-366 -368 0
-366 -369 0
-366 -370 0
-366 -371 0
-366 -372 0
-366 -373 0
-366 -374 0
-367 -368 0
-367 -369 0
-367 -370 0
-367 -371 0
-367 -372 0
-367 -373 0
-367 -374 0
-368 -369 0
-368 -370 0
-368 -371 0
-368 -372 0
-368 -373 0
-368 -374 0
-369 -370 0
-369 -371 0
-369 -372 0
-369 -373 0
-369 -374 0
-370 -371 0
-370 -372 0
-370 -373 0
-370 -374 0
-371 -372 0
-371 -373 0
-371 -374 0
-372 -373 0
-372 -374 0
-373 -374 0
-358 -1 0
-359 -2 0
-360 -3 0
-361 -4 0
-362 -5 0
-363 -6 0
-364 -7 0
-365 -8 0
-366 -9 0
-367 -10 0
-368 -11 0
-369 -12 0
-370 -13 0
-371 -14 0
-372 -15 0
-373 -16 0
-374 -17 0
-358 -18 0
-359 -19 0
-360 -20 0
-361 -21 0
-362 -22 0
-363 -23 0
-364 -24 0
-365 -25 0
-366 -26 0
-367 -27 0
-368 -28 0
-369 -29 0
-370 -30 0
-371 -31 0
-372 -32 0
-373 -33 0
-374 -34 0
-358 -35 0
-359 -36 0
-360 -37 0
-361 -38 0
-362 -39 0
-363 -40 0
-364 -41 0
-365 -42 0
-366 -43 0
-367 -44 0
-368 -45 0
-369 -46 0
-370 -47 0
-371 -48 0
-372 -49 0
-373 -50 0
-374 -51 0
-358 -52 0
-359 -53 0
-360 -54 0
-361 -55 0
-362 -56 0
-363 -57 0
-364 -58 0
-365 -59 0
-366 -60 0
-367 -61 0
-368 -62 0
-369 -63 0
-370 -64 0
-371 -65 0
-372 -66 0
-373 -67 0
-374 -68 0
-358 -69 0
-359 -70 0
-360 -71 0
-361 -72 0
-362 -73 0
-363 -74 0
-364 -75 0
-365 -76 0
-366 -77 0
-367 -78 0
-368 -79 0
-369 -80 0
-370 -81 0
-371 -82 0
-372 -83 0
-373 -84 0
-374 -85 0
-358 -86 0
-359 -87 0
-360 -88 0
-361 -89 0
-362 -90 0
-363 -91 0
-364 -92 0
-365 -93 0
-366 -94 0
-367 -95 0
-368 -96 0
-369 -97 0
-370 -98 0
-371 -99 0
-372 -100 0
-373 -101 0
-374 -102 0
-358 -103 0
-359 -104 0
-360 -105 0
-361 -106 0
-362 -107 0
-363 -108 0
-364 -109 0
-365 -110 0
-366 -111 0
-367 -112 0
-368 -113 0
-369 -114 0
-370 -115 0
-371 -116 0
-372 -117 0
-373 -118 0
-374 -119 0
-358 -154 0
-359 -155 0
-360 -156 0
-361 -157 0
-362 -158 0
-363 -159 0
-364 -160 0
-365 -161 0
-366 -162 0
-367 -163 0
-368 -164 0
-369 -165 0
-370 -166 0
-371 -167 0
-372 -168 0
-373 -169 0
-374 -170 0
-358 -188 0
-359 -189 0
-360 -190 0
-361 -191 0
-362 -192 0
-363 -193 0
-364 -194 0
-365 -195 0
-366 -196 0
-367 -197 0
-368 -198 0
-369 -199 0
-370 -200 0
-371 -201 0
-372 -202 0
-373 -203 0
-374 -204 0
-358 -222 0
-359 -223 0
-360 -224 0
-361 -225 0
-362 -226 0
-363 -227 0
-364 -228 0
-365 -229 0
-366 -230 0
-367 -231 0
-368 -232 0
-369 -233 0
-370 -234 0
-371 -235 0
-372 -236 0
-373 -237 0
-374 -238 0
-358 -256 0
-359 -257 0
-360 -258 0
-361 -259 0
-362 -260 0
-363 -261 0
-364 -262 0
-365 -263 0
-366 -264 0
-367 -265 0
-368 -266 0
-369 -267 0
-370 -268 0
-371 -269 0
-372 -270 0
-373 -271 0
-374 -272 0
-358 -290 0
-359 -291 0
-360 -292 0
-361 -293 0
-362 -294 0
-363 -295 0
-364 -296 0
-365 -297 0
-366 -298 0
-367 -299 0
-368 -300 0
-369 -301 0
-370 -302 0
-371 -303 0
-372 -304 0
-373 -305 0
-374 -306 0
-358 -341 0
-359 -342 0
-360 -343 0
-361 -344 0
-362 -345 0
-363 -346 0
-364 -347 0
-365 -348 0
-366 -349 0
-367 -350 0
-368 -351 0
-369 -352 0
-370 -353 0
-371 -354 0
-372 -355 0
-373 -356 0
-374 -357 0
-358 -375 0
-359 -376 0
-360 -377 0
-361 -378 0
-362 -379 0
-363 -380 0
-364 -381 0
-365 -382 0
-366 -383 0
-367 -384 0
-368 -385 0
-369 -386 0
-370 -387 0
-371 -388 0
-372 -389 0
-373 -390 0
-374 -391 0
-358 -409 0
-359 -410 0
-360 -411 0
-361 -412 0
-362 -413 0
-363 -414 0
-364 -415 0
-365 -416 0
-366 -417 0
-367 -418 0
-368 -419 0
-369 -420 0
-370 -421 0
-371 -422 0
-372 -423 0
-373 -424 0
-374 -425 0
391 390 389 388 387 386 385 384 383 382 381 380 379 378 377 376 375 0
-375 -376 0
-375 -377 0
-375 -378 0
-375 -379 0
-375 -380 0
-375 -381 0
-375 -382 0
-375 -383 0
-375 -384 0
-375 -385 0
-375 -386 0
-375 -387 0
-375 -388 0
-375 -389 0
-375 -390 0
-375 -391 0
-376 -377 0
-376 -378 0
-376 -379 0
-376 -380 0
-376 -381 0
-376 -382 0
-376 -383 0
-376 -384 0
-376 -385 0
-376 -386 0
-376 -387 0
-376 -388 0
-376 -389 0
-376 -390 0
-376 -391 0
-377 -378 0
-377 -379 0
-377 -380 0
-377 -381 0
-377 -382 0
-377 -383 0
-377 -384 0
-377 -385 0
-377 -386 0
-377 -387 0
-377 -388 0
-377 -389 0
-377 -390 0
-377 -391 0
-378 -379 0
-378 -380 0
-378 -381 0
-378 -382 0
-378 -383 0
-378 -384 0
-378 -385 0
-378 -386 0
-378 -387 0
-378 -388 0
-378 -389 0
-378 -390 0
-378 -391 0
-379 -380 0
-379 -381 0
-379 -382 0
-379 -383 0
-379 -384 0
-379 -385 0
-379 -386 0
-379 -387 0
-379 -388 0
-379 -389 0
-379 -390 0
-379 -391 0
-380 -381 0
-380 -382 0
-380 -383 0
-380 -384 0
-380 -385 0
-380 -386 0
-380 -387 0
-380 -388 0
-380 -389 0
-380 -390 0
-380 -391 0
-381 -382 0
-381 -383 0
-381 -384 0
-381 -385 0
-381 -386 0
-381 -387 0
-381 -388 0
-381 -389 0
-381 -390 0
-381 -391 0
-382 -383 0
-382 -384 0
-382 -385 0
-382 -386 0
-382 -387 0
-382 -388 0
-382 -389 0
-382 -390 0
-382 -391 0
-383 -384 0
-383 -385 0
-383 -386 0
-383 -387 0
-383 -388 0
-383 -389 0
-383 -390 0
-383 -391 0
-384 -385 0
-384 -386 0
-384 -387 0
-384 -388 0
-384 -389 0
-384 -390 0
-384 -391 0
-385 -386 0
-385 -387 0
-385 -388 0
-385 -389 0
-385 -390 0
-385 -391 0
-386 -387 0
-386 -388 0
-386 -389 0
-386 -390 0
-386 -391 0
-387 -388 0
-387 -389 0
-387 -390 0
-387 -391 0
-388 -389 0
-388 -390 0
-388 -391 0
-389 -390 0
-389 -391 0
-390 -391 0
-375 -18 0
-376 -19 0
-377 -20 0
-378 -21 0
-379 -22 0
-380 -23 0
-381 -24 0
-382 -25 0
-383 -26 0
-384 -27 0
-385 -28 0
-386 -29 0
-387 -30 0
-388 -31 0
-389 -32 0
-390 -33 0
-391 -34 0
-375 -35 0
-376 -36 0
-377 -37 0
-378 -38 0
-379 -39 0
-380 -40 0
-381 -41 0
-382 -42 0
-383 -43 0
-384 -44 0
-385 -45 0
-386 -46 0
-387 -47 0
-388 -48 0
-389 -49 0
-390 -50 0
-391 -51 0
-375 -120 0
-376 -121 0
-377 -122 0
-378 -123 0
-379 -124 0
-380 -125 0
-381 -126 0
-382 -127 0
-383 -128 0
-384 -129 0
-385 -130 0
-386 -131 0
-387 -132 0
-388 -133 0
-389 -134 0
-390 -135 0
-391 -136 0
-375 -188 0
-376 -189 0
-377 -190 0
-378 -191 0
-379 -192 0
-380 -193 0
-381 -194 0
-382 -195 0
-383 -196 0
-384 -197 0
-385 -198 0
-386 -199 0
-387 -200 0
-388 -201 0
-389 -202 0
-390 -203 0
-391 -204 0
-375 -205 0
-376 -206 0
-377 -207 0
-378 -208 0
-379 -209 0
-380 -210 0
-381 -211 0
-382 -212 0
-383 -213 0
-384 -214 0
-385 -215 0
-386 -216 0
-387 -217 0
-388 -218 0
-389 -219 0
-390 -220 0
-391 -221 0
-375 -222 0
-376 -223 0
-377 -224 0
-378 -225 0
-379 -226 0
-380 -227 0
-381 -228 0
-382 -229 0
-383 -230 0
-384 -231 0
-385 -232 0
-386 -233 0
-387 -234 0
-388 -235 0
-389 -236 0
-390 -237 0
-391 -238 0
-375 -239 0
-376 -240 0
-377 -241 0
-378 -242 0
-379 -243 0
-380 -244 0
-381 -245 0
-382 -246 0
-383 -247 0
-384 -248 0
-385 -249 0
-386 -250 0
-387 -251 0
-388 -252 0
-389 -253 0
-390 -254 0
-391 -255 0
-375 -273 0
-376 -274 0
-377 -275 0
-378 -276 0
-379 -277 0
-380 -278 0
-381 -279 0
-382 -280 0
-383 -281 0
-384 -282 0
-385 -283 0
-386 -284 0
-387 -285 0
-388 -286 0
-389 -287 0
-390 -288 0
-391 -289 0
-375 -290 0
-376 -291 0
-377 -292 0
-378 -293 0
-379 -294 0
-380 -295 0
-381 -296 0
-382 -297 0
-383 -298 0
-384 -299 0
-385 -300 0
-386 -301 0
-387 -302 0
-388 -303 0
-389 -304 0
-390 -305 0
-391 -306 0
-375 -307 0
-376 -308 0
-377 -309 0
-378 -310 0
-379 -311 0
-380 -312 0
-381 -313 0
-382 -314 0
-383 -315 0
-384 -316 0
-385 -317 0
-386 -318 0
-387 -319 0
-388 -320 0
-389 -321 0
-390 -322 0
-391 -323 0
-375 -324 0
-376 -325 0
-377 -326 0
-378 -327 0
-379 -328 0
-380 -329 0
-381 -330 0
-382 -331 0
-383 -332 0
-384 -333 0
-385 -334 0
-386 -335 0
-387 -336 0
-388 -337 0
-389 -338 0
-390 -339 0
-391 -340 0
-375 -341 0
-376 -342 0
-377 -343 0
-378 -344 0
-379 -345 0
-380 -346 0
-381 -347 0
-382 -348 0
-383 -349 0
-384 -350 0
-385 -351 0
-386 -352 0
-387 -353 0
-388 -354 0
-389 -355 0
-390 -356 0
-391 -357 0
-375 -358 0
-376 -359 0
-377 -360 0
-378 -361 0
-379 -362 0
-380 -363 0
-381 -364 0
-382 -365 0
-383 -366 0
-384 -367 0
-385 -368 0
-386 -369 0
-387 -370 0
-388 -371 0
-389 -372 0
-390 -373 0
-391 -374 0
408 407 406 405 404 403 402 401 400 399 398 397 396 395 394 393 392 0
-392 -393 0
-392 -394 0
-392 -395 0
-392 -396 0
-392 -397 0
-392 -398 0
-392 -399 0
-392 -400 0
-392 -401 0
-392 -402 0
-392 -403 0
-392 -404 0
-392 -405 0
-392 -406 0
-392 -407 0
-392 -408 0
-393 -394 0
-393 -395 0
-393 -396 0
-393 -397 0
-393 -398 0
-393 -399 0
-393 -400 0
-393 -401 0
-393 -402 0
-393 -403 0
-393 -404 0
-393 -405 0
-393 -406 0
-393 -407 0
-393 -408 0
-394 -395 0
-394 -396 0
-394 -397 0
-394 -398 0
-394 -399 0
-394 -400 0
-394 -401 0
-394 -402 0
-394 -403 0
-394 -404 0
-394 -405 0
-394 -406 0
-394 -407 0
-394 -408 0
-395 -396 0
-395 -397 0
-395 -398 0
-395 -399 0
-395 -400 0
-395 -401 0
-395 -402 0
-395 -403 0
-395 -404 0
-395 -405 0
-395 -406 0
-395 -407 0
-395 -408 0
-396 -397 0
-396 -398 0
-396 -399 0
-396 -400 0
-396 -401 0
-396 -402 0
-396 -403 0
-396 -404 0
-396 -405 0
-396 -406 0
-396 -407 0
-396 -408 0
-397 -398 0
-397 -399 0
-397 -400 0
-397 -401 0
-397 -402 0
-397 -403 0
-397 -404 0
-397 -405 0
-397 -406 0
-397 -407 0
-397 -408 0
-398 -399 0
-398 -400 0
-398 -401 0
-398 -402 0
-398 -403 0
-398 -404 0
-398 -405 0
-398 -406 0
-398 -407 0
-398 -408 0
-399 -400 0
-399 -401 0
-399 -402 0
-399 -403 0
-399 -404 0
-399 -405 0
-399 -406 0
-399 -407 0
-399 -408 0
-400 -401 0
-400 -402 0
-400 -403 0
-400 -404 0
-400 -405 0
-400 -406 0
-400 -407 0
-400 -408 0
-401 -402 0
-401 -403 0
-401 -404 0
-401 -405 0
-401 -406 0
-401 -407 0
-401 -408 0
-402 -403 0
-402 -404 0
-402 -405 0
-402 -406 0
-402 -407 0
-402 -408 0
-403 -404 0
-403 -405 0
-403 -406 0
-403 -407 0
-403 -408 0
-404 -405 0
-404 -406 0
-404 -407 0
-404 -408 0
-405 -406 0
-405 -407 0
-405 -408 0
-406 -407 0
-406 -408 0
-407 -408 0
-392 -69 0
-393 -70 0
-394 -71 0
-395 -72 0
-396 -73 0
-397 -74 0
-398 -75 0
-399 -76 0
-400 -77 0
-401 -78 0
-402 -79 0
-403 -80 0
-404 -81 0
-405 -82 0
-406 -83 0
-407 -84 0
-408 -85 0
-392 -86 0
-393 -87 0
-394 -88 0
-395 -89 0
-396 -90 0
-397 -91 0
-398 -92 0
-399 -93 0
-400 -94 0
-401 -95 0
-402 -96 0
-403 -97 0
-404 -98 0
-405 -99 0
-406 -100 0
-407 -101 0
-408 -102 0
-392 -103 0
-393 -104 0
-394 -105 0
-395 -106 0
-396 -107 0
-397 -108 0
-398 -109 0
-399 -110 0
-400 -111 0
-401 -112 0
-402 -113 0
-403 -114 0
-404 -115 0
-405 -116 0
-406 -117 0
-407 -118 0
-408 -119 0
-392 -137 0
-393 -138 0
-394 -139 0
-395 -140 0
-396 -141 0
-397 -142 0
-398 -143 0
-399 -144 0
-400 -145 0
-401 -146 0
-402 -147 0
-403 -148 0
-404 -149 0
-405 -150 0
-406 -151 0
-407 -152 0
-408 -153 0
-392 -171 0
-393 -172 0
-394 -173 0
-395 -174 0
-396 -175 0
-397 -176 0
-398 -177 0
-399 -178 0
-400 -179 0
-401 -180 0
-402 -181 0
-403 -182 0
-404 -183 0
-405 -184 0
-406 -185 0
-407 -186 0
-408 -187 0
-392 -188 0
-393 -189 0
-394 -190 0
-395 -191 0
-396 -192 0
-397 -193 0
-398 -194 0
-399 -195 0
-400 -196 0
-401 -197 0
-402 -198 0
-403 -199 0
-404 -200 0
-405 -201 0
-406 -202 0
-407 -203 0
-408 -204 0
-392 -205 0
-393 -206 0
-394 -207 0
-395 -208 0
-396 -209 0
-397 -210 0
-398 -211 0
-399 -212 0
-400 -213 0
-401 -214 0
-402 -215 0
-403 -216 0
-404 -217 0
-405 -218 0
-406 -219 0
-407 -220 0
-408 -221 0
-392 -222 0
-393 -223 0
-394 -224 0
-395 -225 0
-396 -226 0
-397 -227 0
-398 -228 0
-399 -229 0
-400 -230 0
-401 -231 0
-402 -232 0
-403 -233 0
-404 -234 0
-405 -235 0
-406 -236 0
-407 -237 0
-408 -238 0
-392 -239 0
-393 -240 0
-394 -241 0
-395 -242 0
-396 -243 0
-397 -244 0
-398 -245 0
-399 -246 0
-400 -247 0
-401 -248 0
-402 -249 0
-403 -250 0
-404 -251 0
-405 -252 0
-406 -253 0
-407 -254 0
-408 -255 0
-392 -341 0
-393 -342 0
-394 -343 0
-395 -344 0
-396 -345 0
-397 -346 0
-398 -347 0
-399 -348 0
-400 -349 0
-401 -350 0
-402 -351 0
-403 -352 0
-404 -353 0
-405 -354 0
-406 -355 0
-407 -356 0
-408 -357 0
425 424 423 422 421 420 419 418 417 416 415 414 413 412 411 410 409 0
-409 -410 0
-409 -411 0
-409 -412 0
-409 -413 0
-409 -414 0
-409 -415 0
-409 -416 0
-409 -417 0
-409 -418 0
-409 -419 0
-409 -420 0
-409 -421 0
-409 -422 0
-409 -423 0
-409 -424 0
-409 -425 0
-410 -411 0
-410 -412 0
-410 -413 0
-410 -414 0
-410 -415 0
-410 -416 0
-410 -417 0
-410 -418 0
-410 -419 0
-410 -420 0
-410 -421 0
-410 -422 0
-410 -423 0
-410 -424 0
-410 -425 0
-411 -412 0
-411 -413 0
-411 -414 0
-411 -415 0
-411 -416 0
-411 -417 0
-411 -418 0
-411 -419 0
-411 -420 0
-411 -421 0
-411 -422 0
-411 -423 0
-411 -424 0
-411 -425 0
-412 -413 0
-412 -414 0
-412 -415 0
-412 -416 0
-412 -417 0
-412 -418 0
-412 -419 0
-412 -420 0
-412 -421 0
-412 -422 0
-412 -423 0
-412 -424 0
-412 -425 0
-413 -414 0
-413 -415 0
-413 -416 0
-413 -417 0
-413 -418 0
-413 -419 0
-413 -420 0
-413 -421 0
-413 -422 0
-413 -423 0
-413 -424 0
-413 -425 0
-414 -415 0
-414 -416 0
-414 -417 0
-414 -418 0
-414 -419 0
-414 -420 0
-414 -421 0
-414 -422 0
-414 -423 0
-414 -424 0
-414 -425 0
-415 -416 0
-415 -417 0
-415 -418 0
-415 -419 0
-415 -420 0
-415 -421 0
-415 -422 0
-415 -423 0
-415 -424 0
-415 -425 0
-416 -417 0
-416 -418 0
-416 -419 0
-416 -420 0
-416 -421 0
-416 -422 0
-416 -423 0
-416 -424 0
-416 -425 0
-417 -418 0
-417 -419 0
-417 -420 0
-417 -421 0
-417 -422 0
-417 -423 0
-417 -424 0
-417 -425 0
-418 -419 0
-418 -420 0
-418 -421 0
-418 -422 0
-418 -423 0
-418 -424 0
-418 -425 0
-419 -420 0
-419 -421 0
-419 -422 0
-419 -423 0
-419 -424 0
-419 -425 0
-420 -421 0
-420 -422 0
-420 -423 0
-420 -424 0
-420 -425 0
-421 -422 0
-421 -423 0
-421 -424 0
-421 -425 0
-422 -423 0
-422 -424 0
-422 -425 0
-423 -424 0
-423 -425 0
-424 -425 0
-409 -69 0
-410 -70 0
-411 -71 0
-412 -72 0
-413 -73 0
-414 -74 0
-415 -75 0
-416 -76 0
-417 -77 0
-418 -78 0
-419 -79 0
-420 -80 0
-421 -81 0
-422 -82 0
-423 -83 0
-424 -84 0
-425 -85 0
-409 -86 0
-410 -87 0
-411 -88 0
-412 -89 0
-413 -90 0
-414 -91 0
-415 -92 0
-416 -93 0
-417 -94 0
-418 -95 0
-419 -96 0
-420 -97 0
-421 -98 0
-422 -99 0
-423 -100 0
-424 -101 0
-425 -102 0
-409 -171 0
-410 -172 0
-411 -173 0
-412 -174 0
-413 -175 0
-414 -176 0
-415 -177 0
-416 -178 0
-417 -179 0
-418 -180 0
-419 -181 0
-420 -182 0
-421 -183 0
-422 -184 0
-423 -185 0
-424 -186 0
-425 -187 0
-409 -222 0
-410 -223 0
-411 -224 0
-412 -225 0
-413 -226 0
-414 -227 0
-415 -228 0
-416 -229 0
-417 -230 0
-418 -231 0
-419 -232 0
-420 -233 0
-421 -234 0
-422 -235 0
-423 -236 0
-424 -237 0
-425 -238 0
-409 -273 0
-410 -274 0
-411 -275 0
-412 -276 0
-413 -277 0
-414 -278 0
-415 -279 0
-416 -280 0
-417 -281 0
-418 -282 0
-419 -283 0
-420 -284 0
-421 -285 0
-422 -286 0
-423 -287 0
-424 -288 0
-425 -289 0
-409 -358 0
-410 -359 0
-411 -360 0
-412 -361 0
-413 -362 0
-414 -363 0
-415 -364 0
-416 -365 0
-417 -366 0
-418 -367 0
-419 -368 0
-420 -369 0
-421 -370 0
-422 -371 0
-423 -372 0
-424 -373 0
-425 -374 0
