c Graph Colouring to DIMACS
c Number of vertices: 30 Number of colours: 10p cnf 300 3721
1 0
10 9 8 7 6 5 4 3 2 1 0
-1 -2 0
-1 -3 0
-1 -4 0
-1 -5 0
-1 -6 0
-1 -7 0
-1 -8 0
-1 -9 0
-1 -10 0
-2 -3 0
-2 -4 0
-2 -5 0
-2 -6 0
-2 -7 0
-2 -8 0
-2 -9 0
-2 -10 0
-3 -4 0
-3 -5 0
-3 -6 0
-3 -7 0
-3 -8 0
-3 -9 0
-3 -10 0
-4 -5 0
-4 -6 0
-4 -7 0
-4 -8 0
-4 -9 0
-4 -10 0
-5 -6 0
-5 -7 0
-5 -8 0
-5 -9 0
-5 -10 0
-6 -7 0
-6 -8 0
-6 -9 0
-6 -10 0
-7 -8 0
-7 -9 0
-7 -10 0
-8 -9 0
-8 -10 0
-9 -10 0
-1 -21 0
-2 -22 0
-3 -23 0
-4 -24 0
-5 -25 0
-6 -26 0
-7 -27 0
-8 -28 0
-9 -29 0
-10 -30 0
-1 -41 0
-2 -42 0
-3 -43 0
-4 -44 0
-5 -45 0
-6 -46 0
-7 -47 0
-8 -48 0
-9 -49 0
-10 -50 0
-1 -101 0
-2 -102 0
-3 -103 0
-4 -104 0
-5 -105 0
-6 -106 0
-7 -107 0
-8 -108 0
-9 -109 0
-10 -110 0
-1 -131 0
-2 -132 0
-3 -133 0
-4 -134 0
-5 -135 0
-6 -136 0
-7 -137 0
-8 -138 0
-9 -139 0
-10 -140 0
-1 -161 0
-2 -162 0
-3 -163 0
-4 -164 0
-5 -165 0
-6 -166 0
-7 -167 0
-8 -168 0
-9 -169 0
-10 -170 0
-1 -231 0
-2 -232 0
-3 -233 0
-4 -234 0
-5 -235 0
-6 -236 0
-7 -237 0
-8 -238 0
-9 -239 0
-10 -240 0
20 19 18 17 16 15 14 13 12 11 0
-11 -12 0
-11 -13 0
-11 -14 0
-11 -15 0
-11 -16 0
-11 -17 0
-11 -18 0
-11 -19 0
-11 -20 0
-12 -13 0
-12 -14 0
-12 -15 0
-12 -16 0
-12 -17 0
-12 -18 0
-12 -19 0
-12 -20 0
-13 -14 0
-13 -15 0
-13 -16 0
-13 -17 0
-13 -18 0
-13 -19 0
-13 -20 0
-14 -15 0
-14 -16 0
-14 -17 0
-14 -18 0
-14 -19 0
-14 -20 0
-15 -16 0
-15 -17 0
-15 -18 0
-15 -19 0
-15 -20 0
-16 -17 0
-16 -18 0
-16 -19 0
-16 -20 0
-17 -18 0
-17 -19 0
-17 -20 0
-18 -19 0
-18 -20 0
-19 -20 0
-11 -41 0
-12 -42 0
-13 -43 0
-14 -44 0
-15 -45 0
-16 -46 0
-17 -47 0
-18 -48 0
-19 -49 0
-20 -50 0
-11 -101 0
-12 -102 0
-13 -103 0
-14 -104 0
-15 -105 0
-16 -106 0
-17 -107 0
-18 -108 0
-19 -109 0
-20 -110 0
-11 -121 0
-12 -122 0
-13 -123 0
-14 -124 0
-15 -125 0
-16 -126 0
-17 -127 0
-18 -128 0
-19 -129 0
-20 -130 0
-11 -141 0
-12 -142 0
-13 -143 0
-14 -144 0
-15 -145 0
-16 -146 0
-17 -147 0
-18 -148 0
-19 -149 0
-20 -150 0
-11 -171 0
-12 -172 0
-13 -173 0
-14 -174 0
-15 -175 0
-16 -176 0
-17 -177 0
-18 -178 0
-19 -179 0
-20 -180 0
-11 -181 0
-12 -182 0
-13 -183 0
-14 -184 0
-15 -185 0
-16 -186 0
-17 -187 0
-18 -188 0
-19 -189 0
-20 -190 0
-11 -191 0
-12 -192 0
-13 -193 0
-14 -194 0
-15 -195 0
-16 -196 0
-17 -197 0
-18 -198 0
-19 -199 0
-20 -200 0
-11 -211 0
-12 -212 0
-13 -213 0
-14 -214 0
-15 -215 0
-16 -216 0
-17 -217 0
-18 -218 0
-19 -219 0
-20 -220 0
-11 -291 0
-12 -292 0
-13 -293 0
-14 -294 0
-15 -295 0
-16 -296 0
-17 -297 0
-18 -298 0
-19 -299 0
-20 -300 0
30 29 28 27 26 25 24 23 22 21 0
-21 -22 0
-21 -23 0
-21 -24 0
-21 -25 0
-21 -26 0
-21 -27 0
-21 -28 0
-21 -29 0
-21 -30 0
-22 -23 0
-22 -24 0
-22 -25 0
-22 -26 0
-22 -27 0
-22 -28 0
-22 -29 0
-22 -30 0
-23 -24 0
-23 -25 0
-23 -26 0
-23 -27 0
-23 -28 0
-23 -29 0
-23 -30 0
-24 -25 0
-24 -26 0
-24 -27 0
-24 -28 0
-24 -29 0
-24 -30 0
-25 -26 0
-25 -27 0
-25 -28 0
-25 -29 0
-25 -30 0
-26 -27 0
-26 -28 0
-26 -29 0
-26 -30 0
-27 -28 0
-27 -29 0
-27 -30 0
-28 -29 0
-28 -30 0
-29 -30 0
-21 -1 0
-22 -2 0
-23 -3 0
-24 -4 0
-25 -5 0
-26 -6 0
-27 -7 0
-28 -8 0
-29 -9 0
-30 -10 0
-21 -31 0
-22 -32 0
-23 -33 0
-24 -34 0
-25 -35 0
-26 -36 0
-27 -37 0
-28 -38 0
-29 -39 0
-30 -40 0
-21 -91 0
-22 -92 0
-23 -93 0
-24 -94 0
-25 -95 0
-26 -96 0
-27 -97 0
-28 -98 0
-29 -99 0
-30 -100 0
-21 -121 0
-22 -122 0
-23 -123 0
-24 -124 0
-25 -125 0
-26 -126 0
-27 -127 0
-28 -128 0
-29 -129 0
-30 -130 0
-21 -131 0
-22 -132 0
-23 -133 0
-24 -134 0
-25 -135 0
-26 -136 0
-27 -137 0
-28 -138 0
-29 -139 0
-30 -140 0
-21 -141 0
-22 -142 0
-23 -143 0
-24 -144 0
-25 -145 0
-26 -146 0
-27 -147 0
-28 -148 0
-29 -149 0
-30 -150 0
-21 -161 0
-22 -162 0
-23 -163 0
-24 -164 0
-25 -165 0
-26 -166 0
-27 -167 0
-28 -168 0
-29 -169 0
-30 -170 0
-21 -201 0
-22 -202 0
-23 -203 0
-24 -204 0
-25 -205 0
-26 -206 0
-27 -207 0
-28 -208 0
-29 -209 0
-30 -210 0
-21 -231 0
-22 -232 0
-23 -233 0
-24 -234 0
-25 -235 0
-26 -236 0
-27 -237 0
-28 -238 0
-29 -239 0
-30 -240 0
-21 -271 0
-22 -272 0
-23 -273 0
-24 -274 0
-25 -275 0
-26 -276 0
-27 -277 0
-28 -278 0
-29 -279 0
-30 -280 0
40 39 38 37 36 35 34 33 32 31 0
-31 -32 0
-31 -33 0
-31 -34 0
-31 -35 0
-31 -36 0
-31 -37 0
-31 -38 0
-31 -39 0
-31 -40 0
-32 -33 0
-32 -34 0
-32 -35 0
-32 -36 0
-32 -37 0
-32 -38 0
-32 -39 0
-32 -40 0
-33 -34 0
-33 -35 0
-33 -36 0
-33 -37 0
-33 -38 0
-33 -39 0
-33 -40 0
-34 -35 0
-34 -36 0
-34 -37 0
-34 -38 0
-34 -39 0
-34 -40 0
-35 -36 0
-35 -37 0
-35 -38 0
-35 -39 0
-35 -40 0
-36 -37 0
-36 -38 0
-36 -39 0
-36 -40 0
-37 -38 0
-37 -39 0
-37 -40 0
-38 -39 0
-38 -40 0
-39 -40 0
-31 -251 0
-32 -252 0
-33 -253 0
-34 -254 0
-35 -255 0
-36 -256 0
-37 -257 0
-38 -258 0
-39 -259 0
-40 -260 0
-31 -21 0
-32 -22 0
-33 -23 0
-34 -24 0
-35 -25 0
-36 -26 0
-37 -27 0
-38 -28 0
-39 -29 0
-40 -30 0
-31 -121 0
-32 -122 0
-33 -123 0
-34 -124 0
-35 -125 0
-36 -126 0
-37 -127 0
-38 -128 0
-39 -129 0
-40 -130 0
-31 -51 0
-32 -52 0
-33 -53 0
-34 -54 0
-35 -55 0
-36 -56 0
-37 -57 0
-38 -58 0
-39 -59 0
-40 -60 0
50 49 48 47 46 45 44 43 42 41 0
-41 -42 0
-41 -43 0
-41 -44 0
-41 -45 0
-41 -46 0
-41 -47 0
-41 -48 0
-41 -49 0
-41 -50 0
-42 -43 0
-42 -44 0
-42 -45 0
-42 -46 0
-42 -47 0
-42 -48 0
-42 -49 0
-42 -50 0
-43 -44 0
-43 -45 0
-43 -46 0
-43 -47 0
-43 -48 0
-43 -49 0
-43 -50 0
-44 -45 0
-44 -46 0
-44 -47 0
-44 -48 0
-44 -49 0
-44 -50 0
-45 -46 0
-45 -47 0
-45 -48 0
-45 -49 0
-45 -50 0
-46 -47 0
-46 -48 0
-46 -49 0
-46 -50 0
-47 -48 0
-47 -49 0
-47 -50 0
-48 -49 0
-48 -50 0
-49 -50 0
-41 -1 0
-42 -2 0
-43 -3 0
-44 -4 0
-45 -5 0
-46 -6 0
-47 -7 0
-48 -8 0
-49 -9 0
-50 -10 0
-41 -11 0
-42 -12 0
-43 -13 0
-44 -14 0
-45 -15 0
-46 -16 0
-47 -17 0
-48 -18 0
-49 -19 0
-50 -20 0
-41 -91 0
-42 -92 0
-43 -93 0
-44 -94 0
-45 -95 0
-46 -96 0
-47 -97 0
-48 -98 0
-49 -99 0
-50 -100 0
-41 -141 0
-42 -142 0
-43 -143 0
-44 -144 0
-45 -145 0
-46 -146 0
-47 -147 0
-48 -148 0
-49 -149 0
-50 -150 0
-41 -221 0
-42 -222 0
-43 -223 0
-44 -224 0
-45 -225 0
-46 -226 0
-47 -227 0
-48 -228 0
-49 -229 0
-50 -230 0
-41 -231 0
-42 -232 0
-43 -233 0
-44 -234 0
-45 -235 0
-46 -236 0
-47 -237 0
-48 -238 0
-49 -239 0
-50 -240 0
-41 -251 0
-42 -252 0
-43 -253 0
-44 -254 0
-45 -255 0
-46 -256 0
-47 -257 0
-48 -258 0
-49 -259 0
-50 -260 0
-41 -271 0
-42 -272 0
-43 -273 0
-44 -274 0
-45 -275 0
-46 -276 0
-47 -277 0
-48 -278 0
-49 -279 0
-50 -280 0
-41 -281 0
-42 -282 0
-43 -283 0
-44 -284 0
-45 -285 0
-46 -286 0
-47 -287 0
-48 -288 0
-49 -289 0
-50 -290 0
-41 -291 0
-42 -292 0
-43 -293 0
-44 -294 0
-45 -295 0
-46 -296 0
-47 -297 0
-48 -298 0
-49 -299 0
-50 -300 0
60 59 58 57 56 55 54 53 52 51 0
-51 -52 0
-51 -53 0
-51 -54 0
-51 -55 0
-51 -56 0
-51 -57 0
-51 -58 0
-51 -59 0
-51 -60 0
-52 -53 0
-52 -54 0
-52 -55 0
-52 -56 0
-52 -57 0
-52 -58 0
-52 -59 0
-52 -60 0
-53 -54 0
-53 -55 0
-53 -56 0
-53 -57 0
-53 -58 0
-53 -59 0
-53 -60 0
-54 -55 0
-54 -56 0
-54 -57 0
-54 -58 0
-54 -59 0
-54 -60 0
-55 -56 0
-55 -57 0
-55 -58 0
-55 -59 0
-55 -60 0
-56 -57 0
-56 -58 0
-56 -59 0
-56 -60 0
-57 -58 0
-57 -59 0
-57 -60 0
-58 -59 0
-58 -60 0
-59 -60 0
-51 -31 0
-52 -32 0
-53 -33 0
-54 -34 0
-55 -35 0
-56 -36 0
-57 -37 0
-58 -38 0
-59 -39 0
-60 -40 0
-51 -71 0
-52 -72 0
-53 -73 0
-54 -74 0
-55 -75 0
-56 -76 0
-57 -77 0
-58 -78 0
-59 -79 0
-60 -80 0
-51 -81 0
-52 -82 0
-53 -83 0
-54 -84 0
-55 -85 0
-56 -86 0
-57 -87 0
-58 -88 0
-59 -89 0
-60 -90 0
-51 -111 0
-52 -112 0
-53 -113 0
-54 -114 0
-55 -115 0
-56 -116 0
-57 -117 0
-58 -118 0
-59 -119 0
-60 -120 0
-51 -151 0
-52 -152 0
-53 -153 0
-54 -154 0
-55 -155 0
-56 -156 0
-57 -157 0
-58 -158 0
-59 -159 0
-60 -160 0
-51 -211 0
-52 -212 0
-53 -213 0
-54 -214 0
-55 -215 0
-56 -216 0
-57 -217 0
-58 -218 0
-59 -219 0
-60 -220 0
-51 -221 0
-52 -222 0
-53 -223 0
-54 -224 0
-55 -225 0
-56 -226 0
-57 -227 0
-58 -228 0
-59 -229 0
-60 -230 0
-51 -241 0
-52 -242 0
-53 -243 0
-54 -244 0
-55 -245 0
-56 -246 0
-57 -247 0
-58 -248 0
-59 -249 0
-60 -250 0
-51 -271 0
-52 -272 0
-53 -273 0
-54 -274 0
-55 -275 0
-56 -276 0
-57 -277 0
-58 -278 0
-59 -279 0
-60 -280 0
70 69 68 67 66 65 64 63 62 61 0
-61 -62 0
-61 -63 0
-61 -64 0
-61 -65 0
-61 -66 0
-61 -67 0
-61 -68 0
-61 -69 0
-61 -70 0
-62 -63 0
-62 -64 0
-62 -65 0
-62 -66 0
-62 -67 0
-62 -68 0
-62 -69 0
-62 -70 0
-63 -64 0
-63 -65 0
-63 -66 0
-63 -67 0
-63 -68 0
-63 -69 0
-63 -70 0
-64 -65 0
-64 -66 0
-64 -67 0
-64 -68 0
-64 -69 0
-64 -70 0
-65 -66 0
-65 -67 0
-65 -68 0
-65 -69 0
-65 -70 0
-66 -67 0
-66 -68 0
-66 -69 0
-66 -70 0
-67 -68 0
-67 -69 0
-67 -70 0
-68 -69 0
-68 -70 0
-69 -70 0
-61 -71 0
-62 -72 0
-63 -73 0
-64 -74 0
-65 -75 0
-66 -76 0
-67 -77 0
-68 -78 0
-69 -79 0
-70 -80 0
-61 -81 0
-62 -82 0
-63 -83 0
-64 -84 0
-65 -85 0
-66 -86 0
-67 -87 0
-68 -88 0
-69 -89 0
-70 -90 0
-61 -91 0
-62 -92 0
-63 -93 0
-64 -94 0
-65 -95 0
-66 -96 0
-67 -97 0
-68 -98 0
-69 -99 0
-70 -100 0
-61 -101 0
-62 -102 0
-63 -103 0
-64 -104 0
-65 -105 0
-66 -106 0
-67 -107 0
-68 -108 0
-69 -109 0
-70 -110 0
-61 -111 0
-62 -112 0
-63 -113 0
-64 -114 0
-65 -115 0
-66 -116 0
-67 -117 0
-68 -118 0
-69 -119 0
-70 -120 0
-61 -191 0
-62 -192 0
-63 -193 0
-64 -194 0
-65 -195 0
-66 -196 0
-67 -197 0
-68 -198 0
-69 -199 0
-70 -200 0
-61 -231 0
-62 -232 0
-63 -233 0
-64 -234 0
-65 -235 0
-66 -236 0
-67 -237 0
-68 -238 0
-69 -239 0
-70 -240 0
-61 -241 0
-62 -242 0
-63 -243 0
-64 -244 0
-65 -245 0
-66 -246 0
-67 -247 0
-68 -248 0
-69 -249 0
-70 -250 0
-61 -261 0
-62 -262 0
-63 -263 0
-64 -264 0
-65 -265 0
-66 -266 0
-67 -267 0
-68 -268 0
-69 -269 0
-70 -270 0
-61 -271 0
-62 -272 0
-63 -273 0
-64 -274 0
-65 -275 0
-66 -276 0
-67 -277 0
-68 -278 0
-69 -279 0
-70 -280 0
80 79 78 77 76 75 74 73 72 71 0
-71 -72 0
-71 -73 0
-71 -74 0
-71 -75 0
-71 -76 0
-71 -77 0
-71 -78 0
-71 -79 0
-71 -80 0
-72 -73 0
-72 -74 0
-72 -75 0
-72 -76 0
-72 -77 0
-72 -78 0
-72 -79 0
-72 -80 0
-73 -74 0
-73 -75 0
-73 -76 0
-73 -77 0
-73 -78 0
-73 -79 0
-73 -80 0
-74 -75 0
-74 -76 0
-74 -77 0
-74 -78 0
-74 -79 0
-74 -80 0
-75 -76 0
-75 -77 0
-75 -78 0
-75 -79 0
-75 -80 0
-76 -77 0
-76 -78 0
-76 -79 0
-76 -80 0
-77 -78 0
-77 -79 0
-77 -80 0
-78 -79 0
-78 -80 0
-79 -80 0
-71 -51 0
-72 -52 0
-73 -53 0
-74 -54 0
-75 -55 0
-76 -56 0
-77 -57 0
-78 -58 0
-79 -59 0
-80 -60 0
-71 -61 0
-72 -62 0
-73 -63 0
-74 -64 0
-75 -65 0
-76 -66 0
-77 -67 0
-78 -68 0
-79 -69 0
-80 -70 0
-71 -91 0
-72 -92 0
-73 -93 0
-74 -94 0
-75 -95 0
-76 -96 0
-77 -97 0
-78 -98 0
-79 -99 0
-80 -100 0
-71 -121 0
-72 -122 0
-73 -123 0
-74 -124 0
-75 -125 0
-76 -126 0
-77 -127 0
-78 -128 0
-79 -129 0
-80 -130 0
-71 -131 0
-72 -132 0
-73 -133 0
-74 -134 0
-75 -135 0
-76 -136 0
-77 -137 0
-78 -138 0
-79 -139 0
-80 -140 0
-71 -151 0
-72 -152 0
-73 -153 0
-74 -154 0
-75 -155 0
-76 -156 0
-77 -157 0
-78 -158 0
-79 -159 0
-80 -160 0
-71 -201 0
-72 -202 0
-73 -203 0
-74 -204 0
-75 -205 0
-76 -206 0
-77 -207 0
-78 -208 0
-79 -209 0
-80 -210 0
-71 -221 0
-72 -222 0
-73 -223 0
-74 -224 0
-75 -225 0
-76 -226 0
-77 -227 0
-78 -228 0
-79 -229 0
-80 -230 0
-71 -241 0
-72 -242 0
-73 -243 0
-74 -244 0
-75 -245 0
-76 -246 0
-77 -247 0
-78 -248 0
-79 -249 0
-80 -250 0
-71 -261 0
-72 -262 0
-73 -263 0
-74 -264 0
-75 -265 0
-76 -266 0
-77 -267 0
-78 -268 0
-79 -269 0
-80 -270 0
-71 -271 0
-72 -272 0
-73 -273 0
-74 -274 0
-75 -275 0
-76 -276 0
-77 -277 0
-78 -278 0
-79 -279 0
-80 -280 0
90 89 88 87 86 85 84 83 82 81 0
-81 -82 0
-81 -83 0
-81 -84 0
-81 -85 0
-81 -86 0
-81 -87 0
-81 -88 0
-81 -89 0
-81 -90 0
-82 -83 0
-82 -84 0
-82 -85 0
-82 -86 0
-82 -87 0
-82 -88 0
-82 -89 0
-82 -90 0
-83 -84 0
-83 -85 0
-83 -86 0
-83 -87 0
-83 -88 0
-83 -89 0
-83 -90 0
-84 -85 0
-84 -86 0
-84 -87 0
-84 -88 0
-84 -89 0
-84 -90 0
-85 -86 0
-85 -87 0
-85 -88 0
-85 -89 0
-85 -90 0
-86 -87 0
-86 -88 0
-86 -89 0
-86 -90 0
-87 -88 0
-87 -89 0
-87 -90 0
-88 -89 0
-88 -90 0
-89 -90 0
-81 -51 0
-82 -52 0
-83 -53 0
-84 -54 0
-85 -55 0
-86 -56 0
-87 -57 0
-88 -58 0
-89 -59 0
-90 -60 0
-81 -61 0
-82 -62 0
-83 -63 0
-84 -64 0
-85 -65 0
-86 -66 0
-87 -67 0
-88 -68 0
-89 -69 0
-90 -70 0
-81 -101 0
-82 -102 0
-83 -103 0
-84 -104 0
-85 -105 0
-86 -106 0
-87 -107 0
-88 -108 0
-89 -109 0
-90 -110 0
-81 -161 0
-82 -162 0
-83 -163 0
-84 -164 0
-85 -165 0
-86 -166 0
-87 -167 0
-88 -168 0
-89 -169 0
-90 -170 0
-81 -171 0
-82 -172 0
-83 -173 0
-84 -174 0
-85 -175 0
-86 -176 0
-87 -177 0
-88 -178 0
-89 -179 0
-90 -180 0
-81 -211 0
-82 -212 0
-83 -213 0
-84 -214 0
-85 -215 0
-86 -216 0
-87 -217 0
-88 -218 0
-89 -219 0
-90 -220 0
-81 -291 0
-82 -292 0
-83 -293 0
-84 -294 0
-85 -295 0
-86 -296 0
-87 -297 0
-88 -298 0
-89 -299 0
-90 -300 0
100 99 98 97 96 95 94 93 92 91 0
-91 -92 0
-91 -93 0
-91 -94 0
-91 -95 0
-91 -96 0
-91 -97 0
-91 -98 0
-91 -99 0
-91 -100 0
-92 -93 0
-92 -94 0
-92 -95 0
-92 -96 0
-92 -97 0
-92 -98 0
-92 -99 0
-92 -100 0
-93 -94 0
-93 -95 0
-93 -96 0
-93 -97 0
-93 -98 0
-93 -99 0
-93 -100 0
-94 -95 0
-94 -96 0
-94 -97 0
-94 -98 0
-94 -99 0
-94 -100 0
-95 -96 0
-95 -97 0
-95 -98 0
-95 -99 0
-95 -100 0
-96 -97 0
-96 -98 0
-96 -99 0
-96 -100 0
-97 -98 0
-97 -99 0
-97 -100 0
-98 -99 0
-98 -100 0
-99 -100 0
-91 -21 0
-92 -22 0
-93 -23 0
-94 -24 0
-95 -25 0
-96 -26 0
-97 -27 0
-98 -28 0
-99 -29 0
-100 -30 0
-91 -41 0
-92 -42 0
-93 -43 0
-94 -44 0
-95 -45 0
-96 -46 0
-97 -47 0
-98 -48 0
-99 -49 0
-100 -50 0
-91 -61 0
-92 -62 0
-93 -63 0
-94 -64 0
-95 -65 0
-96 -66 0
-97 -67 0
-98 -68 0
-99 -69 0
-100 -70 0
-91 -71 0
-92 -72 0
-93 -73 0
-94 -74 0
-95 -75 0
-96 -76 0
-97 -77 0
-98 -78 0
-99 -79 0
-100 -80 0
-91 -121 0
-92 -122 0
-93 -123 0
-94 -124 0
-95 -125 0
-96 -126 0
-97 -127 0
-98 -128 0
-99 -129 0
-100 -130 0
-91 -161 0
-92 -162 0
-93 -163 0
-94 -164 0
-95 -165 0
-96 -166 0
-97 -167 0
-98 -168 0
-99 -169 0
-100 -170 0
-91 -221 0
-92 -222 0
-93 -223 0
-94 -224 0
-95 -225 0
-96 -226 0
-97 -227 0
-98 -228 0
-99 -229 0
-100 -230 0
-91 -261 0
-92 -262 0
-93 -263 0
-94 -264 0
-95 -265 0
-96 -266 0
-97 -267 0
-98 -268 0
-99 -269 0
-100 -270 0
-91 -271 0
-92 -272 0
-93 -273 0
-94 -274 0
-95 -275 0
-96 -276 0
-97 -277 0
-98 -278 0
-99 -279 0
-100 -280 0
110 109 108 107 106 105 104 103 102 101 0
-101 -102 0
-101 -103 0
-101 -104 0
-101 -105 0
-101 -106 0
-101 -107 0
-101 -108 0
-101 -109 0
-101 -110 0
-102 -103 0
-102 -104 0
-102 -105 0
-102 -106 0
-102 -107 0
-102 -108 0
-102 -109 0
-102 -110 0
-103 -104 0
-103 -105 0
-103 -106 0
-103 -107 0
-103 -108 0
-103 -109 0
-103 -110 0
-104 -105 0
-104 -106 0
-104 -107 0
-104 -108 0
-104 -109 0
-104 -110 0
-105 -106 0
-105 -107 0
-105 -108 0
-105 -109 0
-105 -110 0
-106 -107 0
-106 -108 0
-106 -109 0
-106 -110 0
-107 -108 0
-107 -109 0
-107 -110 0
-108 -109 0
-108 -110 0
-109 -110 0
-101 -1 0
-102 -2 0
-103 -3 0
-104 -4 0
-105 -5 0
-106 -6 0
-107 -7 0
-108 -8 0
-109 -9 0
-110 -10 0
-101 -11 0
-102 -12 0
-103 -13 0
-104 -14 0
-105 -15 0
-106 -16 0
-107 -17 0
-108 -18 0
-109 -19 0
-110 -20 0
-101 -61 0
-102 -62 0
-103 -63 0
-104 -64 0
-105 -65 0
-106 -66 0
-107 -67 0
-108 -68 0
-109 -69 0
-110 -70 0
-101 -81 0
-102 -82 0
-103 -83 0
-104 -84 0
-105 -85 0
-106 -86 0
-107 -87 0
-108 -88 0
-109 -89 0
-110 -90 0
-101 -111 0
-102 -112 0
-103 -113 0
-104 -114 0
-105 -115 0
-106 -116 0
-107 -117 0
-108 -118 0
-109 -119 0
-110 -120 0
-101 -191 0
-102 -192 0
-103 -193 0
-104 -194 0
-105 -195 0
-106 -196 0
-107 -197 0
-108 -198 0
-109 -199 0
-110 -200 0
-101 -201 0
-102 -202 0
-103 -203 0
-104 -204 0
-105 -205 0
-106 -206 0
-107 -207 0
-108 -208 0
-109 -209 0
-110 -210 0
120 119 118 117 116 115 114 113 112 111 0
-111 -112 0
-111 -113 0
-111 -114 0
-111 -115 0
-111 -116 0
-111 -117 0
-111 -118 0
-111 -119 0
-111 -120 0
-112 -113 0
-112 -114 0
-112 -115 0
-112 -116 0
-112 -117 0
-112 -118 0
-112 -119 0
-112 -120 0
-113 -114 0
-113 -115 0
-113 -116 0
-113 -117 0
-113 -118 0
-113 -119 0
-113 -120 0
-114 -115 0
-114 -116 0
-114 -117 0
-114 -118 0
-114 -119 0
-114 -120 0
-115 -116 0
-115 -117 0
-115 -118 0
-115 -119 0
-115 -120 0
-116 -117 0
-116 -118 0
-116 -119 0
-116 -120 0
-117 -118 0
-117 -119 0
-117 -120 0
-118 -119 0
-118 -120 0
-119 -120 0
-111 -51 0
-112 -52 0
-113 -53 0
-114 -54 0
-115 -55 0
-116 -56 0
-117 -57 0
-118 -58 0
-119 -59 0
-120 -60 0
-111 -61 0
-112 -62 0
-113 -63 0
-114 -64 0
-115 -65 0
-116 -66 0
-117 -67 0
-118 -68 0
-119 -69 0
-120 -70 0
-111 -101 0
-112 -102 0
-113 -103 0
-114 -104 0
-115 -105 0
-116 -106 0
-117 -107 0
-118 -108 0
-119 -109 0
-120 -110 0
-111 -141 0
-112 -142 0
-113 -143 0
-114 -144 0
-115 -145 0
-116 -146 0
-117 -147 0
-118 -148 0
-119 -149 0
-120 -150 0
-111 -201 0
-112 -202 0
-113 -203 0
-114 -204 0
-115 -205 0
-116 -206 0
-117 -207 0
-118 -208 0
-119 -209 0
-120 -210 0
-111 -241 0
-112 -242 0
-113 -243 0
-114 -244 0
-115 -245 0
-116 -246 0
-117 -247 0
-118 -248 0
-119 -249 0
-120 -250 0
-111 -251 0
-112 -252 0
-113 -253 0
-114 -254 0
-115 -255 0
-116 -256 0
-117 -257 0
-118 -258 0
-119 -259 0
-120 -260 0
130 129 128 127 126 125 124 123 122 121 0
-121 -122 0
-121 -123 0
-121 -124 0
-121 -125 0
-121 -126 0
-121 -127 0
-121 -128 0
-121 -129 0
-121 -130 0
-122 -123 0
-122 -124 0
-122 -125 0
-122 -126 0
-122 -127 0
-122 -128 0
-122 -129 0
-122 -130 0
-123 -124 0
-123 -125 0
-123 -126 0
-123 -127 0
-123 -128 0
-123 -129 0
-123 -130 0
-124 -125 0
-124 -126 0
-124 -127 0
-124 -128 0
-124 -129 0
-124 -130 0
-125 -126 0
-125 -127 0
-125 -128 0
-125 -129 0
-125 -130 0
-126 -127 0
-126 -128 0
-126 -129 0
-126 -130 0
-127 -128 0
-127 -129 0
-127 -130 0
-128 -129 0
-128 -130 0
-129 -130 0
-121 -11 0
-122 -12 0
-123 -13 0
-124 -14 0
-125 -15 0
-126 -16 0
-127 -17 0
-128 -18 0
-129 -19 0
-130 -20 0
-121 -21 0
-122 -22 0
-123 -23 0
-124 -24 0
-125 -25 0
-126 -26 0
-127 -27 0
-128 -28 0
-129 -29 0
-130 -30 0
-121 -31 0
-122 -32 0
-123 -33 0
-124 -34 0
-125 -35 0
-126 -36 0
-127 -37 0
-128 -38 0
-129 -39 0
-130 -40 0
-121 -71 0
-122 -72 0
-123 -73 0
-124 -74 0
-125 -75 0
-126 -76 0
-127 -77 0
-128 -78 0
-129 -79 0
-130 -80 0
-121 -91 0
-122 -92 0
-123 -93 0
-124 -94 0
-125 -95 0
-126 -96 0
-127 -97 0
-128 -98 0
-129 -99 0
-130 -100 0
-121 -151 0
-122 -152 0
-123 -153 0
-124 -154 0
-125 -155 0
-126 -156 0
-127 -157 0
-128 -158 0
-129 -159 0
-130 -160 0
-121 -171 0
-122 -172 0
-123 -173 0
-124 -174 0
-125 -175 0
-126 -176 0
-127 -177 0
-128 -178 0
-129 -179 0
-130 -180 0
-121 -191 0
-122 -192 0
-123 -193 0
-124 -194 0
-125 -195 0
-126 -196 0
-127 -197 0
-128 -198 0
-129 -199 0
-130 -200 0
-121 -201 0
-122 -202 0
-123 -203 0
-124 -204 0
-125 -205 0
-126 -206 0
-127 -207 0
-128 -208 0
-129 -209 0
-130 -210 0
-121 -211 0
-122 -212 0
-123 -213 0
-124 -214 0
-125 -215 0
-126 -216 0
-127 -217 0
-128 -218 0
-129 -219 0
-130 -220 0
-121 -251 0
-122 -252 0
-123 -253 0
-124 -254 0
-125 -255 0
-126 -256 0
-127 -257 0
-128 -258 0
-129 -259 0
-130 -260 0
-121 -281 0
-122 -282 0
-123 -283 0
-124 -284 0
-125 -285 0
-126 -286 0
-127 -287 0
-128 -288 0
-129 -289 0
-130 -290 0
140 139 138 137 136 135 134 133 132 131 0
-131 -132 0
-131 -133 0
-131 -134 0
-131 -135 0
-131 -136 0
-131 -137 0
-131 -138 0
-131 -139 0
-131 -140 0
-132 -133 0
-132 -134 0
-132 -135 0
-132 -136 0
-132 -137 0
-132 -138 0
-132 -139 0
-132 -140 0
-133 -134 0
-133 -135 0
-133 -136 0
-133 -137 0
-133 -138 0
-133 -139 0
-133 -140 0
-134 -135 0
-134 -136 0
-134 -137 0
-134 -138 0
-134 -139 0
-134 -140 0
-135 -136 0
-135 -137 0
-135 -138 0
-135 -139 0
-135 -140 0
-136 -137 0
-136 -138 0
-136 -139 0
-136 -140 0
-137 -138 0
-137 -139 0
-137 -140 0
-138 -139 0
-138 -140 0
-139 -140 0
-131 -1 0
-132 -2 0
-133 -3 0
-134 -4 0
-135 -5 0
-136 -6 0
-137 -7 0
-138 -8 0
-139 -9 0
-140 -10 0
-131 -21 0
-132 -22 0
-133 -23 0
-134 -24 0
-135 -25 0
-136 -26 0
-137 -27 0
-138 -28 0
-139 -29 0
-140 -30 0
-131 -71 0
-132 -72 0
-133 -73 0
-134 -74 0
-135 -75 0
-136 -76 0
-137 -77 0
-138 -78 0
-139 -79 0
-140 -80 0
-131 -171 0
-132 -172 0
-133 -173 0
-134 -174 0
-135 -175 0
-136 -176 0
-137 -177 0
-138 -178 0
-139 -179 0
-140 -180 0
-131 -191 0
-132 -192 0
-133 -193 0
-134 -194 0
-135 -195 0
-136 -196 0
-137 -197 0
-138 -198 0
-139 -199 0
-140 -200 0
-131 -231 0
-132 -232 0
-133 -233 0
-134 -234 0
-135 -235 0
-136 -236 0
-137 -237 0
-138 -238 0
-139 -239 0
-140 -240 0
-131 -261 0
-132 -262 0
-133 -263 0
-134 -264 0
-135 -265 0
-136 -266 0
-137 -267 0
-138 -268 0
-139 -269 0
-140 -270 0
150 149 148 147 146 145 144 143 142 141 0
-141 -142 0
-141 -143 0
-141 -144 0
-141 -145 0
-141 -146 0
-141 -147 0
-141 -148 0
-141 -149 0
-141 -150 0
-142 -143 0
-142 -144 0
-142 -145 0
-142 -146 0
-142 -147 0
-142 -148 0
-142 -149 0
-142 -150 0
-143 -144 0
-143 -145 0
-143 -146 0
-143 -147 0
-143 -148 0
-143 -149 0
-143 -150 0
-144 -145 0
-144 -146 0
-144 -147 0
-144 -148 0
-144 -149 0
-144 -150 0
-145 -146 0
-145 -147 0
-145 -148 0
-145 -149 0
-145 -150 0
-146 -147 0
-146 -148 0
-146 -149 0
-146 -150 0
-147 -148 0
-147 -149 0
-147 -150 0
-148 -149 0
-148 -150 0
-149 -150 0
-141 -11 0
-142 -12 0
-143 -13 0
-144 -14 0
-145 -15 0
-146 -16 0
-147 -17 0
-148 -18 0
-149 -19 0
-150 -20 0
-141 -21 0
-142 -22 0
-143 -23 0
-144 -24 0
-145 -25 0
-146 -26 0
-147 -27 0
-148 -28 0
-149 -29 0
-150 -30 0
-141 -41 0
-142 -42 0
-143 -43 0
-144 -44 0
-145 -45 0
-146 -46 0
-147 -47 0
-148 -48 0
-149 -49 0
-150 -50 0
-141 -111 0
-142 -112 0
-143 -113 0
-144 -114 0
-145 -115 0
-146 -116 0
-147 -117 0
-148 -118 0
-149 -119 0
-150 -120 0
-141 -171 0
-142 -172 0
-143 -173 0
-144 -174 0
-145 -175 0
-146 -176 0
-147 -177 0
-148 -178 0
-149 -179 0
-150 -180 0
-141 -191 0
-142 -192 0
-143 -193 0
-144 -194 0
-145 -195 0
-146 -196 0
-147 -197 0
-148 -198 0
-149 -199 0
-150 -200 0
-141 -231 0
-142 -232 0
-143 -233 0
-144 -234 0
-145 -235 0
-146 -236 0
-147 -237 0
-148 -238 0
-149 -239 0
-150 -240 0
-141 -261 0
-142 -262 0
-143 -263 0
-144 -264 0
-145 -265 0
-146 -266 0
-147 -267 0
-148 -268 0
-149 -269 0
-150 -270 0
160 159 158 157 156 155 154 153 152 151 0
-151 -152 0
-151 -153 0
-151 -154 0
-151 -155 0
-151 -156 0
-151 -157 0
-151 -158 0
-151 -159 0
-151 -160 0
-152 -153 0
-152 -154 0
-152 -155 0
-152 -156 0
-152 -157 0
-152 -158 0
-152 -159 0
-152 -160 0
-153 -154 0
-153 -155 0
-153 -156 0
-153 -157 0
-153 -158 0
-153 -159 0
-153 -160 0
-154 -155 0
-154 -156 0
-154 -157 0
-154 -158 0
-154 -159 0
-154 -160 0
-155 -156 0
-155 -157 0
-155 -158 0
-155 -159 0
-155 -160 0
-156 -157 0
-156 -158 0
-156 -159 0
-156 -160 0
-157 -158 0
-157 -159 0
-157 -160 0
-158 -159 0
-158 -160 0
-159 -160 0
-151 -51 0
-152 -52 0
-153 -53 0
-154 -54 0
-155 -55 0
-156 -56 0
-157 -57 0
-158 -58 0
-159 -59 0
-160 -60 0
-151 -71 0
-152 -72 0
-153 -73 0
-154 -74 0
-155 -75 0
-156 -76 0
-157 -77 0
-158 -78 0
-159 -79 0
-160 -80 0
-151 -121 0
-152 -122 0
-153 -123 0
-154 -124 0
-155 -125 0
-156 -126 0
-157 -127 0
-158 -128 0
-159 -129 0
-160 -130 0
-151 -231 0
-152 -232 0
-153 -233 0
-154 -234 0
-155 -235 0
-156 -236 0
-157 -237 0
-158 -238 0
-159 -239 0
-160 -240 0
-151 -271 0
-152 -272 0
-153 -273 0
-154 -274 0
-155 -275 0
-156 -276 0
-157 -277 0
-158 -278 0
-159 -279 0
-160 -280 0
170 169 168 167 166 165 164 163 162 161 0
-161 -162 0
-161 -163 0
-161 -164 0
-161 -165 0
-161 -166 0
-161 -167 0
-161 -168 0
-161 -169 0
-161 -170 0
-162 -163 0
-162 -164 0
-162 -165 0
-162 -166 0
-162 -167 0
-162 -168 0
-162 -169 0
-162 -170 0
-163 -164 0
-163 -165 0
-163 -166 0
-163 -167 0
-163 -168 0
-163 -169 0
-163 -170 0
-164 -165 0
-164 -166 0
-164 -167 0
-164 -168 0
-164 -169 0
-164 -170 0
-165 -166 0
-165 -167 0
-165 -168 0
-165 -169 0
-165 -170 0
-166 -167 0
-166 -168 0
-166 -169 0
-166 -170 0
-167 -168 0
-167 -169 0
-167 -170 0
-168 -169 0
-168 -170 0
-169 -170 0
-161 -1 0
-162 -2 0
-163 -3 0
-164 -4 0
-165 -5 0
-166 -6 0
-167 -7 0
-168 -8 0
-169 -9 0
-170 -10 0
-161 -21 0
-162 -22 0
-163 -23 0
-164 -24 0
-165 -25 0
-166 -26 0
-167 -27 0
-168 -28 0
-169 -29 0
-170 -30 0
-161 -81 0
-162 -82 0
-163 -83 0
-164 -84 0
-165 -85 0
-166 -86 0
-167 -87 0
-168 -88 0
-169 -89 0
-170 -90 0
-161 -91 0
-162 -92 0
-163 -93 0
-164 -94 0
-165 -95 0
-166 -96 0
-167 -97 0
-168 -98 0
-169 -99 0
-170 -100 0
-161 -191 0
-162 -192 0
-163 -193 0
-164 -194 0
-165 -195 0
-166 -196 0
-167 -197 0
-168 -198 0
-169 -199 0
-170 -200 0
-161 -221 0
-162 -222 0
-163 -223 0
-164 -224 0
-165 -225 0
-166 -226 0
-167 -227 0
-168 -228 0
-169 -229 0
-170 -230 0
-161 -231 0
-162 -232 0
-163 -233 0
-164 -234 0
-165 -235 0
-166 -236 0
-167 -237 0
-168 -238 0
-169 -239 0
-170 -240 0
180 179 178 177 176 175 174 173 172 171 0
-171 -172 0
-171 -173 0
-171 -174 0
-171 -175 0
-171 -176 0
-171 -177 0
-171 -178 0
-171 -179 0
-171 -180 0
-172 -173 0
-172 -174 0
-172 -175 0
-172 -176 0
-172 -177 0
-172 -178 0
-172 -179 0
-172 -180 0
-173 -174 0
-173 -175 0
-173 -176 0
-173 -177 0
-173 -178 0
-173 -179 0
-173 -180 0
-174 -175 0
-174 -176 0
-174 -177 0
-174 -178 0
-174 -179 0
-174 -180 0
-175 -176 0
-175 -177 0
-175 -178 0
-175 -179 0
-175 -180 0
-176 -177 0
-176 -178 0
-176 -179 0
-176 -180 0
-177 -178 0
-177 -179 0
-177 -180 0
-178 -179 0
-178 -180 0
-179 -180 0
-171 -11 0
-172 -12 0
-173 -13 0
-174 -14 0
-175 -15 0
-176 -16 0
-177 -17 0
-178 -18 0
-179 -19 0
-180 -20 0
-171 -81 0
-172 -82 0
-173 -83 0
-174 -84 0
-175 -85 0
-176 -86 0
-177 -87 0
-178 -88 0
-179 -89 0
-180 -90 0
-171 -121 0
-172 -122 0
-173 -123 0
-174 -124 0
-175 -125 0
-176 -126 0
-177 -127 0
-178 -128 0
-179 -129 0
-180 -130 0
-171 -131 0
-172 -132 0
-173 -133 0
-174 -134 0
-175 -135 0
-176 -136 0
-177 -137 0
-178 -138 0
-179 -139 0
-180 -140 0
-171 -141 0
-172 -142 0
-173 -143 0
-174 -144 0
-175 -145 0
-176 -146 0
-177 -147 0
-178 -148 0
-179 -149 0
-180 -150 0
-171 -211 0
-172 -212 0
-173 -213 0
-174 -214 0
-175 -215 0
-176 -216 0
-177 -217 0
-178 -218 0
-179 -219 0
-180 -220 0
190 189 188 187 186 185 184 183 182 181 0
-181 -182 0
-181 -183 0
-181 -184 0
-181 -185 0
-181 -186 0
-181 -187 0
-181 -188 0
-181 -189 0
-181 -190 0
-182 -183 0
-182 -184 0
-182 -185 0
-182 -186 0
-182 -187 0
-182 -188 0
-182 -189 0
-182 -190 0
-183 -184 0
-183 -185 0
-183 -186 0
-183 -187 0
-183 -188 0
-183 -189 0
-183 -190 0
-184 -185 0
-184 -186 0
-184 -187 0
-184 -188 0
-184 -189 0
-184 -190 0
-185 -186 0
-185 -187 0
-185 -188 0
-185 -189 0
-185 -190 0
-186 -187 0
-186 -188 0
-186 -189 0
-186 -190 0
-187 -188 0
-187 -189 0
-187 -190 0
-188 -189 0
-188 -190 0
-189 -190 0
-181 -11 0
-182 -12 0
-183 -13 0
-184 -14 0
-185 -15 0
-186 -16 0
-187 -17 0
-188 -18 0
-189 -19 0
-190 -20 0
-181 -191 0
-182 -192 0
-183 -193 0
-184 -194 0
-185 -195 0
-186 -196 0
-187 -197 0
-188 -198 0
-189 -199 0
-190 -200 0
-181 -201 0
-182 -202 0
-183 -203 0
-184 -204 0
-185 -205 0
-186 -206 0
-187 -207 0
-188 -208 0
-189 -209 0
-190 -210 0
-181 -231 0
-182 -232 0
-183 -233 0
-184 -234 0
-185 -235 0
-186 -236 0
-187 -237 0
-188 -238 0
-189 -239 0
-190 -240 0
200 199 198 197 196 195 194 193 192 191 0
-191 -192 0
-191 -193 0
-191 -194 0
-191 -195 0
-191 -196 0
-191 -197 0
-191 -198 0
-191 -199 0
-191 -200 0
-192 -193 0
-192 -194 0
-192 -195 0
-192 -196 0
-192 -197 0
-192 -198 0
-192 -199 0
-192 -200 0
-193 -194 0
-193 -195 0
-193 -196 0
-193 -197 0
-193 -198 0
-193 -199 0
-193 -200 0
-194 -195 0
-194 -196 0
-194 -197 0
-194 -198 0
-194 -199 0
-194 -200 0
-195 -196 0
-195 -197 0
-195 -198 0
-195 -199 0
-195 -200 0
-196 -197 0
-196 -198 0
-196 -199 0
-196 -200 0
-197 -198 0
-197 -199 0
-197 -200 0
-198 -199 0
-198 -200 0
-199 -200 0
-191 -11 0
-192 -12 0
-193 -13 0
-194 -14 0
-195 -15 0
-196 -16 0
-197 -17 0
-198 -18 0
-199 -19 0
-200 -20 0
-191 -61 0
-192 -62 0
-193 -63 0
-194 -64 0
-195 -65 0
-196 -66 0
-197 -67 0
-198 -68 0
-199 -69 0
-200 -70 0
-191 -101 0
-192 -102 0
-193 -103 0
-194 -104 0
-195 -105 0
-196 -106 0
-197 -107 0
-198 -108 0
-199 -109 0
-200 -110 0
-191 -121 0
-192 -122 0
-193 -123 0
-194 -124 0
-195 -125 0
-196 -126 0
-197 -127 0
-198 -128 0
-199 -129 0
-200 -130 0
-191 -131 0
-192 -132 0
-193 -133 0
-194 -134 0
-195 -135 0
-196 -136 0
-197 -137 0
-198 -138 0
-199 -139 0
-200 -140 0
-191 -141 0
-192 -142 0
-193 -143 0
-194 -144 0
-195 -145 0
-196 -146 0
-197 -147 0
-198 -148 0
-199 -149 0
-200 -150 0
-191 -161 0
-192 -162 0
-193 -163 0
-194 -164 0
-195 -165 0
-196 -166 0
-197 -167 0
-198 -168 0
-199 -169 0
-200 -170 0
-191 -181 0
-192 -182 0
-193 -183 0
-194 -184 0
-195 -185 0
-196 -186 0
-197 -187 0
-198 -188 0
-199 -189 0
-200 -190 0
210 209 208 207 206 205 204 203 202 201 0
-201 -202 0
-201 -203 0
-201 -204 0
-201 -205 0
-201 -206 0
-201 -207 0
-201 -208 0
-201 -209 0
-201 -210 0
-202 -203 0
-202 -204 0
-202 -205 0
-202 -206 0
-202 -207 0
-202 -208 0
-202 -209 0
-202 -210 0
-203 -204 0
-203 -205 0
-203 -206 0
-203 -207 0
-203 -208 0
-203 -209 0
-203 -210 0
-204 -205 0
-204 -206 0
-204 -207 0
-204 -208 0
-204 -209 0
-204 -210 0
-205 -206 0
-205 -207 0
-205 -208 0
-205 -209 0
-205 -210 0
-206 -207 0
-206 -208 0
-206 -209 0
-206 -210 0
-207 -208 0
-207 -209 0
-207 -210 0
-208 -209 0
-208 -210 0
-209 -210 0
-201 -21 0
-202 -22 0
-203 -23 0
-204 -24 0
-205 -25 0
-206 -26 0
-207 -27 0
-208 -28 0
-209 -29 0
-210 -30 0
-201 -71 0
-202 -72 0
-203 -73 0
-204 -74 0
-205 -75 0
-206 -76 0
-207 -77 0
-208 -78 0
-209 -79 0
-210 -80 0
-201 -101 0
-202 -102 0
-203 -103 0
-204 -104 0
-205 -105 0
-206 -106 0
-207 -107 0
-208 -108 0
-209 -109 0
-210 -110 0
-201 -111 0
-202 -112 0
-203 -113 0
-204 -114 0
-205 -115 0
-206 -116 0
-207 -117 0
-208 -118 0
-209 -119 0
-210 -120 0
-201 -121 0
-202 -122 0
-203 -123 0
-204 -124 0
-205 -125 0
-206 -126 0
-207 -127 0
-208 -128 0
-209 -129 0
-210 -130 0
-201 -181 0
-202 -182 0
-203 -183 0
-204 -184 0
-205 -185 0
-206 -186 0
-207 -187 0
-208 -188 0
-209 -189 0
-210 -190 0
-201 -251 0
-202 -252 0
-203 -253 0
-204 -254 0
-205 -255 0
-206 -256 0
-207 -257 0
-208 -258 0
-209 -259 0
-210 -260 0
-201 -261 0
-202 -262 0
-203 -263 0
-204 -264 0
-205 -265 0
-206 -266 0
-207 -267 0
-208 -268 0
-209 -269 0
-210 -270 0
-201 -281 0
-202 -282 0
-203 -283 0
-204 -284 0
-205 -285 0
-206 -286 0
-207 -287 0
-208 -288 0
-209 -289 0
-210 -290 0
220 219 218 217 216 215 214 213 212 211 0
-211 -212 0
-211 -213 0
-211 -214 0
-211 -215 0
-211 -216 0
-211 -217 0
-211 -218 0
-211 -219 0
-211 -220 0
-212 -213 0
-212 -214 0
-212 -215 0
-212 -216 0
-212 -217 0
-212 -218 0
-212 -219 0
-212 -220 0
-213 -214 0
-213 -215 0
-213 -216 0
-213 -217 0
-213 -218 0
-213 -219 0
-213 -220 0
-214 -215 0
-214 -216 0
-214 -217 0
-214 -218 0
-214 -219 0
-214 -220 0
-215 -216 0
-215 -217 0
-215 -218 0
-215 -219 0
-215 -220 0
-216 -217 0
-216 -218 0
-216 -219 0
-216 -220 0
-217 -218 0
-217 -219 0
-217 -220 0
-218 -219 0
-218 -220 0
-219 -220 0
-211 -11 0
-212 -12 0
-213 -13 0
-214 -14 0
-215 -15 0
-216 -16 0
-217 -17 0
-218 -18 0
-219 -19 0
-220 -20 0
-211 -51 0
-212 -52 0
-213 -53 0
-214 -54 0
-215 -55 0
-216 -56 0
-217 -57 0
-218 -58 0
-219 -59 0
-220 -60 0
-211 -81 0
-212 -82 0
-213 -83 0
-214 -84 0
-215 -85 0
-216 -86 0
-217 -87 0
-218 -88 0
-219 -89 0
-220 -90 0
-211 -121 0
-212 -122 0
-213 -123 0
-214 -124 0
-215 -125 0
-216 -126 0
-217 -127 0
-218 -128 0
-219 -129 0
-220 -130 0
-211 -171 0
-212 -172 0
-213 -173 0
-214 -174 0
-215 -175 0
-216 -176 0
-217 -177 0
-218 -178 0
-219 -179 0
-220 -180 0
-211 -221 0
-212 -222 0
-213 -223 0
-214 -224 0
-215 -225 0
-216 -226 0
-217 -227 0
-218 -228 0
-219 -229 0
-220 -230 0
-211 -231 0
-212 -232 0
-213 -233 0
-214 -234 0
-215 -235 0
-216 -236 0
-217 -237 0
-218 -238 0
-219 -239 0
-220 -240 0
-211 -261 0
-212 -262 0
-213 -263 0
-214 -264 0
-215 -265 0
-216 -266 0
-217 -267 0
-218 -268 0
-219 -269 0
-220 -270 0
230 229 228 227 226 225 224 223 222 221 0
-221 -222 0
-221 -223 0
-221 -224 0
-221 -225 0
-221 -226 0
-221 -227 0
-221 -228 0
-221 -229 0
-221 -230 0
-222 -223 0
-222 -224 0
-222 -225 0
-222 -226 0
-222 -227 0
-222 -228 0
-222 -229 0
-222 -230 0
-223 -224 0
-223 -225 0
-223 -226 0
-223 -227 0
-223 -228 0
-223 -229 0
-223 -230 0
-224 -225 0
-224 -226 0
-224 -227 0
-224 -228 0
-224 -229 0
-224 -230 0
-225 -226 0
-225 -227 0
-225 -228 0
-225 -229 0
-225 -230 0
-226 -227 0
-226 -228 0
-226 -229 0
-226 -230 0
-227 -228 0
-227 -229 0
-227 -230 0
-228 -229 0
-228 -230 0
-229 -230 0
-221 -41 0
-222 -42 0
-223 -43 0
-224 -44 0
-225 -45 0
-226 -46 0
-227 -47 0
-228 -48 0
-229 -49 0
-230 -50 0
-221 -51 0
-222 -52 0
-223 -53 0
-224 -54 0
-225 -55 0
-226 -56 0
-227 -57 0
-228 -58 0
-229 -59 0
-230 -60 0
-221 -71 0
-222 -72 0
-223 -73 0
-224 -74 0
-225 -75 0
-226 -76 0
-227 -77 0
-228 -78 0
-229 -79 0
-230 -80 0
-221 -91 0
-222 -92 0
-223 -93 0
-224 -94 0
-225 -95 0
-226 -96 0
-227 -97 0
-228 -98 0
-229 -99 0
-230 -100 0
-221 -161 0
-222 -162 0
-223 -163 0
-224 -164 0
-225 -165 0
-226 -166 0
-227 -167 0
-228 -168 0
-229 -169 0
-230 -170 0
-221 -211 0
-222 -212 0
-223 -213 0
-224 -214 0
-225 -215 0
-226 -216 0
-227 -217 0
-228 -218 0
-229 -219 0
-230 -220 0
-221 -291 0
-222 -292 0
-223 -293 0
-224 -294 0
-225 -295 0
-226 -296 0
-227 -297 0
-228 -298 0
-229 -299 0
-230 -300 0
240 239 238 237 236 235 234 233 232 231 0
-231 -232 0
-231 -233 0
-231 -234 0
-231 -235 0
-231 -236 0
-231 -237 0
-231 -238 0
-231 -239 0
-231 -240 0
-232 -233 0
-232 -234 0
-232 -235 0
-232 -236 0
-232 -237 0
-232 -238 0
-232 -239 0
-232 -240 0
-233 -234 0
-233 -235 0
-233 -236 0
-233 -237 0
-233 -238 0
-233 -239 0
-233 -240 0
-234 -235 0
-234 -236 0
-234 -237 0
-234 -238 0
-234 -239 0
-234 -240 0
-235 -236 0
-235 -237 0
-235 -238 0
-235 -239 0
-235 -240 0
-236 -237 0
-236 -238 0
-236 -239 0
-236 -240 0
-237 -238 0
-237 -239 0
-237 -240 0
-238 -239 0
-238 -240 0
-239 -240 0
-231 -1 0
-232 -2 0
-233 -3 0
-234 -4 0
-235 -5 0
-236 -6 0
-237 -7 0
-238 -8 0
-239 -9 0
-240 -10 0
-231 -21 0
-232 -22 0
-233 -23 0
-234 -24 0
-235 -25 0
-236 -26 0
-237 -27 0
-238 -28 0
-239 -29 0
-240 -30 0
-231 -41 0
-232 -42 0
-233 -43 0
-234 -44 0
-235 -45 0
-236 -46 0
-237 -47 0
-238 -48 0
-239 -49 0
-240 -50 0
-231 -61 0
-232 -62 0
-233 -63 0
-234 -64 0
-235 -65 0
-236 -66 0
-237 -67 0
-238 -68 0
-239 -69 0
-240 -70 0
-231 -131 0
-232 -132 0
-233 -133 0
-234 -134 0
-235 -135 0
-236 -136 0
-237 -137 0
-238 -138 0
-239 -139 0
-240 -140 0
-231 -141 0
-232 -142 0
-233 -143 0
-234 -144 0
-235 -145 0
-236 -146 0
-237 -147 0
-238 -148 0
-239 -149 0
-240 -150 0
-231 -151 0
-232 -152 0
-233 -153 0
-234 -154 0
-235 -155 0
-236 -156 0
-237 -157 0
-238 -158 0
-239 -159 0
-240 -160 0
-231 -161 0
-232 -162 0
-233 -163 0
-234 -164 0
-235 -165 0
-236 -166 0
-237 -167 0
-238 -168 0
-239 -169 0
-240 -170 0
-231 -181 0
-232 -182 0
-233 -183 0
-234 -184 0
-235 -185 0
-236 -186 0
-237 -187 0
-238 -188 0
-239 -189 0
-240 -190 0
-231 -211 0
-232 -212 0
-233 -213 0
-234 -214 0
-235 -215 0
-236 -216 0
-237 -217 0
-238 -218 0
-239 -219 0
-240 -220 0
-231 -241 0
-232 -242 0
-233 -243 0
-234 -244 0
-235 -245 0
-236 -246 0
-237 -247 0
-238 -248 0
-239 -249 0
-240 -250 0
-231 -251 0
-232 -252 0
-233 -253 0
-234 -254 0
-235 -255 0
-236 -256 0
-237 -257 0
-238 -258 0
-239 -259 0
-240 -260 0
-231 -271 0
-232 -272 0
-233 -273 0
-234 -274 0
-235 -275 0
-236 -276 0
-237 -277 0
-238 -278 0
-239 -279 0
-240 -280 0
250 249 248 247 246 245 244 243 242 241 0
-241 -242 0
-241 -243 0
-241 -244 0
-241 -245 0
-241 -246 0
-241 -247 0
-241 -248 0
-241 -249 0
-241 -250 0
-242 -243 0
-242 -244 0
-242 -245 0
-242 -246 0
-242 -247 0
-242 -248 0
-242 -249 0
-242 -250 0
-243 -244 0
-243 -245 0
-243 -246 0
-243 -247 0
-243 -248 0
-243 -249 0
-243 -250 0
-244 -245 0
-244 -246 0
-244 -247 0
-244 -248 0
-244 -249 0
-244 -250 0
-245 -246 0
-245 -247 0
-245 -248 0
-245 -249 0
-245 -250 0
-246 -247 0
-246 -248 0
-246 -249 0
-246 -250 0
-247 -248 0
-247 -249 0
-247 -250 0
-248 -249 0
-248 -250 0
-249 -250 0
-241 -51 0
-242 -52 0
-243 -53 0
-244 -54 0
-245 -55 0
-246 -56 0
-247 -57 0
-248 -58 0
-249 -59 0
-250 -60 0
-241 -61 0
-242 -62 0
-243 -63 0
-244 -64 0
-245 -65 0
-246 -66 0
-247 -67 0
-248 -68 0
-249 -69 0
-250 -70 0
-241 -71 0
-242 -72 0
-243 -73 0
-244 -74 0
-245 -75 0
-246 -76 0
-247 -77 0
-248 -78 0
-249 -79 0
-250 -80 0
-241 -111 0
-242 -112 0
-243 -113 0
-244 -114 0
-245 -115 0
-246 -116 0
-247 -117 0
-248 -118 0
-249 -119 0
-250 -120 0
-241 -231 0
-242 -232 0
-243 -233 0
-244 -234 0
-245 -235 0
-246 -236 0
-247 -237 0
-248 -238 0
-249 -239 0
-250 -240 0
-241 -271 0
-242 -272 0
-243 -273 0
-244 -274 0
-245 -275 0
-246 -276 0
-247 -277 0
-248 -278 0
-249 -279 0
-250 -280 0
260 259 258 257 256 255 254 253 252 251 0
-251 -252 0
-251 -253 0
-251 -254 0
-251 -255 0
-251 -256 0
-251 -257 0
-251 -258 0
-251 -259 0
-251 -260 0
-252 -253 0
-252 -254 0
-252 -255 0
-252 -256 0
-252 -257 0
-252 -258 0
-252 -259 0
-252 -260 0
-253 -254 0
-253 -255 0
-253 -256 0
-253 -257 0
-253 -258 0
-253 -259 0
-253 -260 0
-254 -255 0
-254 -256 0
-254 -257 0
-254 -258 0
-254 -259 0
-254 -260 0
-255 -256 0
-255 -257 0
-255 -258 0
-255 -259 0
-255 -260 0
-256 -257 0
-256 -258 0
-256 -259 0
-256 -260 0
-257 -258 0
-257 -259 0
-257 -260 0
-258 -259 0
-258 -260 0
-259 -260 0
-251 -31 0
-252 -32 0
-253 -33 0
-254 -34 0
-255 -35 0
-256 -36 0
-257 -37 0
-258 -38 0
-259 -39 0
-260 -40 0
-251 -41 0
-252 -42 0
-253 -43 0
-254 -44 0
-255 -45 0
-256 -46 0
-257 -47 0
-258 -48 0
-259 -49 0
-260 -50 0
-251 -111 0
-252 -112 0
-253 -113 0
-254 -114 0
-255 -115 0
-256 -116 0
-257 -117 0
-258 -118 0
-259 -119 0
-260 -120 0
-251 -121 0
-252 -122 0
-253 -123 0
-254 -124 0
-255 -125 0
-256 -126 0
-257 -127 0
-258 -128 0
-259 -129 0
-260 -130 0
-251 -201 0
-252 -202 0
-253 -203 0
-254 -204 0
-255 -205 0
-256 -206 0
-257 -207 0
-258 -208 0
-259 -209 0
-260 -210 0
-251 -231 0
-252 -232 0
-253 -233 0
-254 -234 0
-255 -235 0
-256 -236 0
-257 -237 0
-258 -238 0
-259 -239 0
-260 -240 0
-251 -291 0
-252 -292 0
-253 -293 0
-254 -294 0
-255 -295 0
-256 -296 0
-257 -297 0
-258 -298 0
-259 -299 0
-260 -300 0
270 269 268 267 266 265 264 263 262 261 0
-261 -262 0
-261 -263 0
-261 -264 0
-261 -265 0
-261 -266 0
-261 -267 0
-261 -268 0
-261 -269 0
-261 -270 0
-262 -263 0
-262 -264 0
-262 -265 0
-262 -266 0
-262 -267 0
-262 -268 0
-262 -269 0
-262 -270 0
-263 -264 0
-263 -265 0
-263 -266 0
-263 -267 0
-263 -268 0
-263 -269 0
-263 -270 0
-264 -265 0
-264 -266 0
-264 -267 0
-264 -268 0
-264 -269 0
-264 -270 0
-265 -266 0
-265 -267 0
-265 -268 0
-265 -269 0
-265 -270 0
-266 -267 0
-266 -268 0
-266 -269 0
-266 -270 0
-267 -268 0
-267 -269 0
-267 -270 0
-268 -269 0
-268 -270 0
-269 -270 0
-261 -61 0
-262 -62 0
-263 -63 0
-264 -64 0
-265 -65 0
-266 -66 0
-267 -67 0
-268 -68 0
-269 -69 0
-270 -70 0
-261 -71 0
-262 -72 0
-263 -73 0
-264 -74 0
-265 -75 0
-266 -76 0
-267 -77 0
-268 -78 0
-269 -79 0
-270 -80 0
-261 -91 0
-262 -92 0
-263 -93 0
-264 -94 0
-265 -95 0
-266 -96 0
-267 -97 0
-268 -98 0
-269 -99 0
-270 -100 0
-261 -131 0
-262 -132 0
-263 -133 0
-264 -134 0
-265 -135 0
-266 -136 0
-267 -137 0
-268 -138 0
-269 -139 0
-270 -140 0
-261 -141 0
-262 -142 0
-263 -143 0
-264 -144 0
-265 -145 0
-266 -146 0
-267 -147 0
-268 -148 0
-269 -149 0
-270 -150 0
-261 -201 0
-262 -202 0
-263 -203 0
-264 -204 0
-265 -205 0
-266 -206 0
-267 -207 0
-268 -208 0
-269 -209 0
-270 -210 0
-261 -211 0
-262 -212 0
-263 -213 0
-264 -214 0
-265 -215 0
-266 -216 0
-267 -217 0
-268 -218 0
-269 -219 0
-270 -220 0
-261 -271 0
-262 -272 0
-263 -273 0
-264 -274 0
-265 -275 0
-266 -276 0
-267 -277 0
-268 -278 0
-269 -279 0
-270 -280 0
280 279 278 277 276 275 274 273 272 271 0
-271 -272 0
-271 -273 0
-271 -274 0
-271 -275 0
-271 -276 0
-271 -277 0
-271 -278 0
-271 -279 0
-271 -280 0
-272 -273 0
-272 -274 0
-272 -275 0
-272 -276 0
-272 -277 0
-272 -278 0
-272 -279 0
-272 -280 0
-273 -274 0
-273 -275 0
-273 -276 0
-273 -277 0
-273 -278 0
-273 -279 0
-273 -280 0
-274 -275 0
-274 -276 0
-274 -277 0
-274 -278 0
-274 -279 0
-274 -280 0
-275 -276 0
-275 -277 0
-275 -278 0
-275 -279 0
-275 -280 0
-276 -277 0
-276 -278 0
-276 -279 0
-276 -280 0
-277 -278 0
-277 -279 0
-277 -280 0
-278 -279 0
-278 -280 0
-279 -280 0
-271 -21 0
-272 -22 0
-273 -23 0
-274 -24 0
-275 -25 0
-276 -26 0
-277 -27 0
-278 -28 0
-279 -29 0
-280 -30 0
-271 -41 0
-272 -42 0
-273 -43 0
-274 -44 0
-275 -45 0
-276 -46 0
-277 -47 0
-278 -48 0
-279 -49 0
-280 -50 0
-271 -51 0
-272 -52 0
-273 -53 0
-274 -54 0
-275 -55 0
-276 -56 0
-277 -57 0
-278 -58 0
-279 -59 0
-280 -60 0
-271 -61 0
-272 -62 0
-273 -63 0
-274 -64 0
-275 -65 0
-276 -66 0
-277 -67 0
-278 -68 0
-279 -69 0
-280 -70 0
-271 -71 0
-272 -72 0
-273 -73 0
-274 -74 0
-275 -75 0
-276 -76 0
-277 -77 0
-278 -78 0
-279 -79 0
-280 -80 0
-271 -91 0
-272 -92 0
-273 -93 0
-274 -94 0
-275 -95 0
-276 -96 0
-277 -97 0
-278 -98 0
-279 -99 0
-280 -100 0
-271 -151 0
-272 -152 0
-273 -153 0
-274 -154 0
-275 -155 0
-276 -156 0
-277 -157 0
-278 -158 0
-279 -159 0
-280 -160 0
-271 -231 0
-272 -232 0
-273 -233 0
-274 -234 0
-275 -235 0
-276 -236 0
-277 -237 0
-278 -238 0
-279 -239 0
-280 -240 0
-271 -241 0
-272 -242 0
-273 -243 0
-274 -244 0
-275 -245 0
-276 -246 0
-277 -247 0
-278 -248 0
-279 -249 0
-280 -250 0
-271 -261 0
-272 -262 0
-273 -263 0
-274 -264 0
-275 -265 0
-276 -266 0
-277 -267 0
-278 -268 0
-279 -269 0
-280 -270 0
-271 -281 0
-272 -282 0
-273 -283 0
-274 -284 0
-275 -285 0
-276 -286 0
-277 -287 0
-278 -288 0
-279 -289 0
-280 -290 0
290 289 288 287 286 285 284 283 282 281 0
-281 -282 0
-281 -283 0
-281 -284 0
-281 -285 0
-281 -286 0
-281 -287 0
-281 -288 0
-281 -289 0
-281 -290 0
-282 -283 0
-282 -284 0
-282 -285 0
-282 -286 0
-282 -287 0
-282 -288 0
-282 -289 0
-282 -290 0
-283 -284 0
-283 -285 0
-283 -286 0
-283 -287 0
-283 -288 0
-283 -289 0
-283 -290 0
-284 -285 0
-284 -286 0
-284 -287 0
-284 -288 0
-284 -289 0
-284 -290 0
-285 -286 0
-285 -287 0
-285 -288 0
-285 -289 0
-285 -290 0
-286 -287 0
-286 -288 0
-286 -289 0
-286 -290 0
-287 -288 0
-287 -289 0
-287 -290 0
-288 -289 0
-288 -290 0
-289 -290 0
-281 -121 0
-282 -122 0
-283 -123 0
-284 -124 0
-285 -125 0
-286 -126 0
-287 -127 0
-288 -128 0
-289 -129 0
-290 -130 0
-281 -271 0
-282 -272 0
-283 -273 0
-284 -274 0
-285 -275 0
-286 -276 0
-287 -277 0
-288 -278 0
-289 -279 0
-290 -280 0
-281 -201 0
-282 -202 0
-283 -203 0
-284 -204 0
-285 -205 0
-286 -206 0
-287 -207 0
-288 -208 0
-289 -209 0
-290 -210 0
-281 -41 0
-282 -42 0
-283 -43 0
-284 -44 0
-285 -45 0
-286 -46 0
-287 -47 0
-288 -48 0
-289 -49 0
-290 -50 0
300 299 298 297 296 295 294 293 292 291 0
-291 -292 0
-291 -293 0
-291 -294 0
-291 -295 0
-291 -296 0
-291 -297 0
-291 -298 0
-291 -299 0
-291 -300 0
-292 -293 0
-292 -294 0
-292 -295 0
-292 -296 0
-292 -297 0
-292 -298 0
-292 -299 0
-292 -300 0
-293 -294 0
-293 -295 0
-293 -296 0
-293 -297 0
-293 -298 0
-293 -299 0
-293 -300 0
-294 -295 0
-294 -296 0
-294 -297 0
-294 -298 0
-294 -299 0
-294 -300 0
-295 -296 0
-295 -297 0
-295 -298 0
-295 -299 0
-295 -300 0
-296 -297 0
-296 -298 0
-296 -299 0
-296 -300 0
-297 -298 0
-297 -299 0
-297 -300 0
-298 -299 0
-298 -300 0
-299 -300 0
-291 -11 0
-292 -12 0
-293 -13 0
-294 -14 0
-295 -15 0
-296 -16 0
-297 -17 0
-298 -18 0
-299 -19 0
-300 -20 0
-291 -41 0
-292 -42 0
-293 -43 0
-294 -44 0
-295 -45 0
-296 -46 0
-297 -47 0
-298 -48 0
-299 -49 0
-300 -50 0
-291 -81 0
-292 -82 0
-293 -83 0
-294 -84 0
-295 -85 0
-296 -86 0
-297 -87 0
-298 -88 0
-299 -89 0
-300 -90 0
-291 -221 0
-292 -222 0
-293 -223 0
-294 -224 0
-295 -225 0
-296 -226 0
-297 -227 0
-298 -228 0
-299 -229 0
-300 -230 0
-291 -251 0
-292 -252 0
-293 -253 0
-294 -254 0
-295 -255 0
-296 -256 0
-297 -257 0
-298 -258 0
-299 -259 0
-300 -260 0
