c Graph Colouring to DIMACS
p cnf 450 5732
15 14 13 12 11 10 9 8 7 6 5 4 3 2 1 0
-1 -2 0
-1 -3 0
-1 -4 0
-1 -5 0
-1 -6 0
-1 -7 0
-1 -8 0
-1 -9 0
-1 -10 0
-1 -11 0
-1 -12 0
-1 -13 0
-1 -14 0
-1 -15 0
-2 -3 0
-2 -4 0
-2 -5 0
-2 -6 0
-2 -7 0
-2 -8 0
-2 -9 0
-2 -10 0
-2 -11 0
-2 -12 0
-2 -13 0
-2 -14 0
-2 -15 0
-3 -4 0
-3 -5 0
-3 -6 0
-3 -7 0
-3 -8 0
-3 -9 0
-3 -10 0
-3 -11 0
-3 -12 0
-3 -13 0
-3 -14 0
-3 -15 0
-4 -5 0
-4 -6 0
-4 -7 0
-4 -8 0
-4 -9 0
-4 -10 0
-4 -11 0
-4 -12 0
-4 -13 0
-4 -14 0
-4 -15 0
-5 -6 0
-5 -7 0
-5 -8 0
-5 -9 0
-5 -10 0
-5 -11 0
-5 -12 0
-5 -13 0
-5 -14 0
-5 -15 0
-6 -7 0
-6 -8 0
-6 -9 0
-6 -10 0
-6 -11 0
-6 -12 0
-6 -13 0
-6 -14 0
-6 -15 0
-7 -8 0
-7 -9 0
-7 -10 0
-7 -11 0
-7 -12 0
-7 -13 0
-7 -14 0
-7 -15 0
-8 -9 0
-8 -10 0
-8 -11 0
-8 -12 0
-8 -13 0
-8 -14 0
-8 -15 0
-9 -10 0
-9 -11 0
-9 -12 0
-9 -13 0
-9 -14 0
-9 -15 0
-10 -11 0
-10 -12 0
-10 -13 0
-10 -14 0
-10 -15 0
-11 -12 0
-11 -13 0
-11 -14 0
-11 -15 0
-12 -13 0
-12 -14 0
-12 -15 0
-13 -14 0
-13 -15 0
-14 -15 0
-1 -301 0
-2 -302 0
-3 -303 0
-4 -304 0
-5 -305 0
-6 -306 0
-7 -307 0
-8 -308 0
-9 -309 0
-10 -310 0
-11 -311 0
-12 -312 0
-13 -313 0
-14 -314 0
-15 -315 0
-1 -166 0
-2 -167 0
-3 -168 0
-4 -169 0
-5 -170 0
-6 -171 0
-7 -172 0
-8 -173 0
-9 -174 0
-10 -175 0
-11 -176 0
-12 -177 0
-13 -178 0
-14 -179 0
-15 -180 0
-1 -211 0
-2 -212 0
-3 -213 0
-4 -214 0
-5 -215 0
-6 -216 0
-7 -217 0
-8 -218 0
-9 -219 0
-10 -220 0
-11 -221 0
-12 -222 0
-13 -223 0
-14 -224 0
-15 -225 0
-1 -151 0
-2 -152 0
-3 -153 0
-4 -154 0
-5 -155 0
-6 -156 0
-7 -157 0
-8 -158 0
-9 -159 0
-10 -160 0
-11 -161 0
-12 -162 0
-13 -163 0
-14 -164 0
-15 -165 0
-1 -406 0
-2 -407 0
-3 -408 0
-4 -409 0
-5 -410 0
-6 -411 0
-7 -412 0
-8 -413 0
-9 -414 0
-10 -415 0
-11 -416 0
-12 -417 0
-13 -418 0
-14 -419 0
-15 -420 0
-1 -376 0
-2 -377 0
-3 -378 0
-4 -379 0
-5 -380 0
-6 -381 0
-7 -382 0
-8 -383 0
-9 -384 0
-10 -385 0
-11 -386 0
-12 -387 0
-13 -388 0
-14 -389 0
-15 -390 0
-1 -91 0
-2 -92 0
-3 -93 0
-4 -94 0
-5 -95 0
-6 -96 0
-7 -97 0
-8 -98 0
-9 -99 0
-10 -100 0
-11 -101 0
-12 -102 0
-13 -103 0
-14 -104 0
-15 -105 0
-1 -391 0
-2 -392 0
-3 -393 0
-4 -394 0
-5 -395 0
-6 -396 0
-7 -397 0
-8 -398 0
-9 -399 0
-10 -400 0
-11 -401 0
-12 -402 0
-13 -403 0
-14 -404 0
-15 -405 0
-1 -271 0
-2 -272 0
-3 -273 0
-4 -274 0
-5 -275 0
-6 -276 0
-7 -277 0
-8 -278 0
-9 -279 0
-10 -280 0
-11 -281 0
-12 -282 0
-13 -283 0
-14 -284 0
-15 -285 0
30 29 28 27 26 25 24 23 22 21 20 19 18 17 16 0
-16 -17 0
-16 -18 0
-16 -19 0
-16 -20 0
-16 -21 0
-16 -22 0
-16 -23 0
-16 -24 0
-16 -25 0
-16 -26 0
-16 -27 0
-16 -28 0
-16 -29 0
-16 -30 0
-17 -18 0
-17 -19 0
-17 -20 0
-17 -21 0
-17 -22 0
-17 -23 0
-17 -24 0
-17 -25 0
-17 -26 0
-17 -27 0
-17 -28 0
-17 -29 0
-17 -30 0
-18 -19 0
-18 -20 0
-18 -21 0
-18 -22 0
-18 -23 0
-18 -24 0
-18 -25 0
-18 -26 0
-18 -27 0
-18 -28 0
-18 -29 0
-18 -30 0
-19 -20 0
-19 -21 0
-19 -22 0
-19 -23 0
-19 -24 0
-19 -25 0
-19 -26 0
-19 -27 0
-19 -28 0
-19 -29 0
-19 -30 0
-20 -21 0
-20 -22 0
-20 -23 0
-20 -24 0
-20 -25 0
-20 -26 0
-20 -27 0
-20 -28 0
-20 -29 0
-20 -30 0
-21 -22 0
-21 -23 0
-21 -24 0
-21 -25 0
-21 -26 0
-21 -27 0
-21 -28 0
-21 -29 0
-21 -30 0
-22 -23 0
-22 -24 0
-22 -25 0
-22 -26 0
-22 -27 0
-22 -28 0
-22 -29 0
-22 -30 0
-23 -24 0
-23 -25 0
-23 -26 0
-23 -27 0
-23 -28 0
-23 -29 0
-23 -30 0
-24 -25 0
-24 -26 0
-24 -27 0
-24 -28 0
-24 -29 0
-24 -30 0
-25 -26 0
-25 -27 0
-25 -28 0
-25 -29 0
-25 -30 0
-26 -27 0
-26 -28 0
-26 -29 0
-26 -30 0
-27 -28 0
-27 -29 0
-27 -30 0
-28 -29 0
-28 -30 0
-29 -30 0
-16 -436 0
-17 -437 0
-18 -438 0
-19 -439 0
-20 -440 0
-21 -441 0
-22 -442 0
-23 -443 0
-24 -444 0
-25 -445 0
-26 -446 0
-27 -447 0
-28 -448 0
-29 -449 0
-30 -450 0
-16 -181 0
-17 -182 0
-18 -183 0
-19 -184 0
-20 -185 0
-21 -186 0
-22 -187 0
-23 -188 0
-24 -189 0
-25 -190 0
-26 -191 0
-27 -192 0
-28 -193 0
-29 -194 0
-30 -195 0
-16 -256 0
-17 -257 0
-18 -258 0
-19 -259 0
-20 -260 0
-21 -261 0
-22 -262 0
-23 -263 0
-24 -264 0
-25 -265 0
-26 -266 0
-27 -267 0
-28 -268 0
-29 -269 0
-30 -270 0
-16 -106 0
-17 -107 0
-18 -108 0
-19 -109 0
-20 -110 0
-21 -111 0
-22 -112 0
-23 -113 0
-24 -114 0
-25 -115 0
-26 -116 0
-27 -117 0
-28 -118 0
-29 -119 0
-30 -120 0
45 44 43 42 41 40 39 38 37 36 35 34 33 32 31 0
-31 -32 0
-31 -33 0
-31 -34 0
-31 -35 0
-31 -36 0
-31 -37 0
-31 -38 0
-31 -39 0
-31 -40 0
-31 -41 0
-31 -42 0
-31 -43 0
-31 -44 0
-31 -45 0
-32 -33 0
-32 -34 0
-32 -35 0
-32 -36 0
-32 -37 0
-32 -38 0
-32 -39 0
-32 -40 0
-32 -41 0
-32 -42 0
-32 -43 0
-32 -44 0
-32 -45 0
-33 -34 0
-33 -35 0
-33 -36 0
-33 -37 0
-33 -38 0
-33 -39 0
-33 -40 0
-33 -41 0
-33 -42 0
-33 -43 0
-33 -44 0
-33 -45 0
-34 -35 0
-34 -36 0
-34 -37 0
-34 -38 0
-34 -39 0
-34 -40 0
-34 -41 0
-34 -42 0
-34 -43 0
-34 -44 0
-34 -45 0
-35 -36 0
-35 -37 0
-35 -38 0
-35 -39 0
-35 -40 0
-35 -41 0
-35 -42 0
-35 -43 0
-35 -44 0
-35 -45 0
-36 -37 0
-36 -38 0
-36 -39 0
-36 -40 0
-36 -41 0
-36 -42 0
-36 -43 0
-36 -44 0
-36 -45 0
-37 -38 0
-37 -39 0
-37 -40 0
-37 -41 0
-37 -42 0
-37 -43 0
-37 -44 0
-37 -45 0
-38 -39 0
-38 -40 0
-38 -41 0
-38 -42 0
-38 -43 0
-38 -44 0
-38 -45 0
-39 -40 0
-39 -41 0
-39 -42 0
-39 -43 0
-39 -44 0
-39 -45 0
-40 -41 0
-40 -42 0
-40 -43 0
-40 -44 0
-40 -45 0
-41 -42 0
-41 -43 0
-41 -44 0
-41 -45 0
-42 -43 0
-42 -44 0
-42 -45 0
-43 -44 0
-43 -45 0
-44 -45 0
-31 -151 0
-32 -152 0
-33 -153 0
-34 -154 0
-35 -155 0
-36 -156 0
-37 -157 0
-38 -158 0
-39 -159 0
-40 -160 0
-41 -161 0
-42 -162 0
-43 -163 0
-44 -164 0
-45 -165 0
-31 -346 0
-32 -347 0
-33 -348 0
-34 -349 0
-35 -350 0
-36 -351 0
-37 -352 0
-38 -353 0
-39 -354 0
-40 -355 0
-41 -356 0
-42 -357 0
-43 -358 0
-44 -359 0
-45 -360 0
-31 -91 0
-32 -92 0
-33 -93 0
-34 -94 0
-35 -95 0
-36 -96 0
-37 -97 0
-38 -98 0
-39 -99 0
-40 -100 0
-41 -101 0
-42 -102 0
-43 -103 0
-44 -104 0
-45 -105 0
60 59 58 57 56 55 54 53 52 51 50 49 48 47 46 0
-46 -47 0
-46 -48 0
-46 -49 0
-46 -50 0
-46 -51 0
-46 -52 0
-46 -53 0
-46 -54 0
-46 -55 0
-46 -56 0
-46 -57 0
-46 -58 0
-46 -59 0
-46 -60 0
-47 -48 0
-47 -49 0
-47 -50 0
-47 -51 0
-47 -52 0
-47 -53 0
-47 -54 0
-47 -55 0
-47 -56 0
-47 -57 0
-47 -58 0
-47 -59 0
-47 -60 0
-48 -49 0
-48 -50 0
-48 -51 0
-48 -52 0
-48 -53 0
-48 -54 0
-48 -55 0
-48 -56 0
-48 -57 0
-48 -58 0
-48 -59 0
-48 -60 0
-49 -50 0
-49 -51 0
-49 -52 0
-49 -53 0
-49 -54 0
-49 -55 0
-49 -56 0
-49 -57 0
-49 -58 0
-49 -59 0
-49 -60 0
-50 -51 0
-50 -52 0
-50 -53 0
-50 -54 0
-50 -55 0
-50 -56 0
-50 -57 0
-50 -58 0
-50 -59 0
-50 -60 0
-51 -52 0
-51 -53 0
-51 -54 0
-51 -55 0
-51 -56 0
-51 -57 0
-51 -58 0
-51 -59 0
-51 -60 0
-52 -53 0
-52 -54 0
-52 -55 0
-52 -56 0
-52 -57 0
-52 -58 0
-52 -59 0
-52 -60 0
-53 -54 0
-53 -55 0
-53 -56 0
-53 -57 0
-53 -58 0
-53 -59 0
-53 -60 0
-54 -55 0
-54 -56 0
-54 -57 0
-54 -58 0
-54 -59 0
-54 -60 0
-55 -56 0
-55 -57 0
-55 -58 0
-55 -59 0
-55 -60 0
-56 -57 0
-56 -58 0
-56 -59 0
-56 -60 0
-57 -58 0
-57 -59 0
-57 -60 0
-58 -59 0
-58 -60 0
-59 -60 0
-46 -346 0
-47 -347 0
-48 -348 0
-49 -349 0
-50 -350 0
-51 -351 0
-52 -352 0
-53 -353 0
-54 -354 0
-55 -355 0
-56 -356 0
-57 -357 0
-58 -358 0
-59 -359 0
-60 -360 0
-46 -121 0
-47 -122 0
-48 -123 0
-49 -124 0
-50 -125 0
-51 -126 0
-52 -127 0
-53 -128 0
-54 -129 0
-55 -130 0
-56 -131 0
-57 -132 0
-58 -133 0
-59 -134 0
-60 -135 0
-46 -91 0
-47 -92 0
-48 -93 0
-49 -94 0
-50 -95 0
-51 -96 0
-52 -97 0
-53 -98 0
-54 -99 0
-55 -100 0
-56 -101 0
-57 -102 0
-58 -103 0
-59 -104 0
-60 -105 0
-46 -226 0
-47 -227 0
-48 -228 0
-49 -229 0
-50 -230 0
-51 -231 0
-52 -232 0
-53 -233 0
-54 -234 0
-55 -235 0
-56 -236 0
-57 -237 0
-58 -238 0
-59 -239 0
-60 -240 0
-46 -286 0
-47 -287 0
-48 -288 0
-49 -289 0
-50 -290 0
-51 -291 0
-52 -292 0
-53 -293 0
-54 -294 0
-55 -295 0
-56 -296 0
-57 -297 0
-58 -298 0
-59 -299 0
-60 -300 0
-46 -91 0
-47 -92 0
-48 -93 0
-49 -94 0
-50 -95 0
-51 -96 0
-52 -97 0
-53 -98 0
-54 -99 0
-55 -100 0
-56 -101 0
-57 -102 0
-58 -103 0
-59 -104 0
-60 -105 0
-46 -436 0
-47 -437 0
-48 -438 0
-49 -439 0
-50 -440 0
-51 -441 0
-52 -442 0
-53 -443 0
-54 -444 0
-55 -445 0
-56 -446 0
-57 -447 0
-58 -448 0
-59 -449 0
-60 -450 0
-46 -181 0
-47 -182 0
-48 -183 0
-49 -184 0
-50 -185 0
-51 -186 0
-52 -187 0
-53 -188 0
-54 -189 0
-55 -190 0
-56 -191 0
-57 -192 0
-58 -193 0
-59 -194 0
-60 -195 0
-46 -271 0
-47 -272 0
-48 -273 0
-49 -274 0
-50 -275 0
-51 -276 0
-52 -277 0
-53 -278 0
-54 -279 0
-55 -280 0
-56 -281 0
-57 -282 0
-58 -283 0
-59 -284 0
-60 -285 0
-46 -61 0
-47 -62 0
-48 -63 0
-49 -64 0
-50 -65 0
-51 -66 0
-52 -67 0
-53 -68 0
-54 -69 0
-55 -70 0
-56 -71 0
-57 -72 0
-58 -73 0
-59 -74 0
-60 -75 0
-46 -256 0
-47 -257 0
-48 -258 0
-49 -259 0
-50 -260 0
-51 -261 0
-52 -262 0
-53 -263 0
-54 -264 0
-55 -265 0
-56 -266 0
-57 -267 0
-58 -268 0
-59 -269 0
-60 -270 0
-46 -91 0
-47 -92 0
-48 -93 0
-49 -94 0
-50 -95 0
-51 -96 0
-52 -97 0
-53 -98 0
-54 -99 0
-55 -100 0
-56 -101 0
-57 -102 0
-58 -103 0
-59 -104 0
-60 -105 0
75 74 73 72 71 70 69 68 67 66 65 64 63 62 61 0
-61 -62 0
-61 -63 0
-61 -64 0
-61 -65 0
-61 -66 0
-61 -67 0
-61 -68 0
-61 -69 0
-61 -70 0
-61 -71 0
-61 -72 0
-61 -73 0
-61 -74 0
-61 -75 0
-62 -63 0
-62 -64 0
-62 -65 0
-62 -66 0
-62 -67 0
-62 -68 0
-62 -69 0
-62 -70 0
-62 -71 0
-62 -72 0
-62 -73 0
-62 -74 0
-62 -75 0
-63 -64 0
-63 -65 0
-63 -66 0
-63 -67 0
-63 -68 0
-63 -69 0
-63 -70 0
-63 -71 0
-63 -72 0
-63 -73 0
-63 -74 0
-63 -75 0
-64 -65 0
-64 -66 0
-64 -67 0
-64 -68 0
-64 -69 0
-64 -70 0
-64 -71 0
-64 -72 0
-64 -73 0
-64 -74 0
-64 -75 0
-65 -66 0
-65 -67 0
-65 -68 0
-65 -69 0
-65 -70 0
-65 -71 0
-65 -72 0
-65 -73 0
-65 -74 0
-65 -75 0
-66 -67 0
-66 -68 0
-66 -69 0
-66 -70 0
-66 -71 0
-66 -72 0
-66 -73 0
-66 -74 0
-66 -75 0
-67 -68 0
-67 -69 0
-67 -70 0
-67 -71 0
-67 -72 0
-67 -73 0
-67 -74 0
-67 -75 0
-68 -69 0
-68 -70 0
-68 -71 0
-68 -72 0
-68 -73 0
-68 -74 0
-68 -75 0
-69 -70 0
-69 -71 0
-69 -72 0
-69 -73 0
-69 -74 0
-69 -75 0
-70 -71 0
-70 -72 0
-70 -73 0
-70 -74 0
-70 -75 0
-71 -72 0
-71 -73 0
-71 -74 0
-71 -75 0
-72 -73 0
-72 -74 0
-72 -75 0
-73 -74 0
-73 -75 0
-74 -75 0
-61 -151 0
-62 -152 0
-63 -153 0
-64 -154 0
-65 -155 0
-66 -156 0
-67 -157 0
-68 -158 0
-69 -159 0
-70 -160 0
-71 -161 0
-72 -162 0
-73 -163 0
-74 -164 0
-75 -165 0
-61 -181 0
-62 -182 0
-63 -183 0
-64 -184 0
-65 -185 0
-66 -186 0
-67 -187 0
-68 -188 0
-69 -189 0
-70 -190 0
-71 -191 0
-72 -192 0
-73 -193 0
-74 -194 0
-75 -195 0
90 89 88 87 86 85 84 83 82 81 80 79 78 77 76 0
-76 -77 0
-76 -78 0
-76 -79 0
-76 -80 0
-76 -81 0
-76 -82 0
-76 -83 0
-76 -84 0
-76 -85 0
-76 -86 0
-76 -87 0
-76 -88 0
-76 -89 0
-76 -90 0
-77 -78 0
-77 -79 0
-77 -80 0
-77 -81 0
-77 -82 0
-77 -83 0
-77 -84 0
-77 -85 0
-77 -86 0
-77 -87 0
-77 -88 0
-77 -89 0
-77 -90 0
-78 -79 0
-78 -80 0
-78 -81 0
-78 -82 0
-78 -83 0
-78 -84 0
-78 -85 0
-78 -86 0
-78 -87 0
-78 -88 0
-78 -89 0
-78 -90 0
-79 -80 0
-79 -81 0
-79 -82 0
-79 -83 0
-79 -84 0
-79 -85 0
-79 -86 0
-79 -87 0
-79 -88 0
-79 -89 0
-79 -90 0
-80 -81 0
-80 -82 0
-80 -83 0
-80 -84 0
-80 -85 0
-80 -86 0
-80 -87 0
-80 -88 0
-80 -89 0
-80 -90 0
-81 -82 0
-81 -83 0
-81 -84 0
-81 -85 0
-81 -86 0
-81 -87 0
-81 -88 0
-81 -89 0
-81 -90 0
-82 -83 0
-82 -84 0
-82 -85 0
-82 -86 0
-82 -87 0
-82 -88 0
-82 -89 0
-82 -90 0
-83 -84 0
-83 -85 0
-83 -86 0
-83 -87 0
-83 -88 0
-83 -89 0
-83 -90 0
-84 -85 0
-84 -86 0
-84 -87 0
-84 -88 0
-84 -89 0
-84 -90 0
-85 -86 0
-85 -87 0
-85 -88 0
-85 -89 0
-85 -90 0
-86 -87 0
-86 -88 0
-86 -89 0
-86 -90 0
-87 -88 0
-87 -89 0
-87 -90 0
-88 -89 0
-88 -90 0
-89 -90 0
-76 -121 0
-77 -122 0
-78 -123 0
-79 -124 0
-80 -125 0
-81 -126 0
-82 -127 0
-83 -128 0
-84 -129 0
-85 -130 0
-86 -131 0
-87 -132 0
-88 -133 0
-89 -134 0
-90 -135 0
-76 -61 0
-77 -62 0
-78 -63 0
-79 -64 0
-80 -65 0
-81 -66 0
-82 -67 0
-83 -68 0
-84 -69 0
-85 -70 0
-86 -71 0
-87 -72 0
-88 -73 0
-89 -74 0
-90 -75 0
105 104 103 102 101 100 99 98 97 96 95 94 93 92 91 0
-91 -92 0
-91 -93 0
-91 -94 0
-91 -95 0
-91 -96 0
-91 -97 0
-91 -98 0
-91 -99 0
-91 -100 0
-91 -101 0
-91 -102 0
-91 -103 0
-91 -104 0
-91 -105 0
-92 -93 0
-92 -94 0
-92 -95 0
-92 -96 0
-92 -97 0
-92 -98 0
-92 -99 0
-92 -100 0
-92 -101 0
-92 -102 0
-92 -103 0
-92 -104 0
-92 -105 0
-93 -94 0
-93 -95 0
-93 -96 0
-93 -97 0
-93 -98 0
-93 -99 0
-93 -100 0
-93 -101 0
-93 -102 0
-93 -103 0
-93 -104 0
-93 -105 0
-94 -95 0
-94 -96 0
-94 -97 0
-94 -98 0
-94 -99 0
-94 -100 0
-94 -101 0
-94 -102 0
-94 -103 0
-94 -104 0
-94 -105 0
-95 -96 0
-95 -97 0
-95 -98 0
-95 -99 0
-95 -100 0
-95 -101 0
-95 -102 0
-95 -103 0
-95 -104 0
-95 -105 0
-96 -97 0
-96 -98 0
-96 -99 0
-96 -100 0
-96 -101 0
-96 -102 0
-96 -103 0
-96 -104 0
-96 -105 0
-97 -98 0
-97 -99 0
-97 -100 0
-97 -101 0
-97 -102 0
-97 -103 0
-97 -104 0
-97 -105 0
-98 -99 0
-98 -100 0
-98 -101 0
-98 -102 0
-98 -103 0
-98 -104 0
-98 -105 0
-99 -100 0
-99 -101 0
-99 -102 0
-99 -103 0
-99 -104 0
-99 -105 0
-100 -101 0
-100 -102 0
-100 -103 0
-100 -104 0
-100 -105 0
-101 -102 0
-101 -103 0
-101 -104 0
-101 -105 0
-102 -103 0
-102 -104 0
-102 -105 0
-103 -104 0
-103 -105 0
-104 -105 0
-91 -136 0
-92 -137 0
-93 -138 0
-94 -139 0
-95 -140 0
-96 -141 0
-97 -142 0
-98 -143 0
-99 -144 0
-100 -145 0
-101 -146 0
-102 -147 0
-103 -148 0
-104 -149 0
-105 -150 0
-91 -106 0
-92 -107 0
-93 -108 0
-94 -109 0
-95 -110 0
-96 -111 0
-97 -112 0
-98 -113 0
-99 -114 0
-100 -115 0
-101 -116 0
-102 -117 0
-103 -118 0
-104 -119 0
-105 -120 0
-91 -271 0
-92 -272 0
-93 -273 0
-94 -274 0
-95 -275 0
-96 -276 0
-97 -277 0
-98 -278 0
-99 -279 0
-100 -280 0
-101 -281 0
-102 -282 0
-103 -283 0
-104 -284 0
-105 -285 0
-91 -166 0
-92 -167 0
-93 -168 0
-94 -169 0
-95 -170 0
-96 -171 0
-97 -172 0
-98 -173 0
-99 -174 0
-100 -175 0
-101 -176 0
-102 -177 0
-103 -178 0
-104 -179 0
-105 -180 0
-91 -421 0
-92 -422 0
-93 -423 0
-94 -424 0
-95 -425 0
-96 -426 0
-97 -427 0
-98 -428 0
-99 -429 0
-100 -430 0
-101 -431 0
-102 -432 0
-103 -433 0
-104 -434 0
-105 -435 0
-91 -331 0
-92 -332 0
-93 -333 0
-94 -334 0
-95 -335 0
-96 -336 0
-97 -337 0
-98 -338 0
-99 -339 0
-100 -340 0
-101 -341 0
-102 -342 0
-103 -343 0
-104 -344 0
-105 -345 0
-91 -331 0
-92 -332 0
-93 -333 0
-94 -334 0
-95 -335 0
-96 -336 0
-97 -337 0
-98 -338 0
-99 -339 0
-100 -340 0
-101 -341 0
-102 -342 0
-103 -343 0
-104 -344 0
-105 -345 0
120 119 118 117 116 115 114 113 112 111 110 109 108 107 106 0
-106 -107 0
-106 -108 0
-106 -109 0
-106 -110 0
-106 -111 0
-106 -112 0
-106 -113 0
-106 -114 0
-106 -115 0
-106 -116 0
-106 -117 0
-106 -118 0
-106 -119 0
-106 -120 0
-107 -108 0
-107 -109 0
-107 -110 0
-107 -111 0
-107 -112 0
-107 -113 0
-107 -114 0
-107 -115 0
-107 -116 0
-107 -117 0
-107 -118 0
-107 -119 0
-107 -120 0
-108 -109 0
-108 -110 0
-108 -111 0
-108 -112 0
-108 -113 0
-108 -114 0
-108 -115 0
-108 -116 0
-108 -117 0
-108 -118 0
-108 -119 0
-108 -120 0
-109 -110 0
-109 -111 0
-109 -112 0
-109 -113 0
-109 -114 0
-109 -115 0
-109 -116 0
-109 -117 0
-109 -118 0
-109 -119 0
-109 -120 0
-110 -111 0
-110 -112 0
-110 -113 0
-110 -114 0
-110 -115 0
-110 -116 0
-110 -117 0
-110 -118 0
-110 -119 0
-110 -120 0
-111 -112 0
-111 -113 0
-111 -114 0
-111 -115 0
-111 -116 0
-111 -117 0
-111 -118 0
-111 -119 0
-111 -120 0
-112 -113 0
-112 -114 0
-112 -115 0
-112 -116 0
-112 -117 0
-112 -118 0
-112 -119 0
-112 -120 0
-113 -114 0
-113 -115 0
-113 -116 0
-113 -117 0
-113 -118 0
-113 -119 0
-113 -120 0
-114 -115 0
-114 -116 0
-114 -117 0
-114 -118 0
-114 -119 0
-114 -120 0
-115 -116 0
-115 -117 0
-115 -118 0
-115 -119 0
-115 -120 0
-116 -117 0
-116 -118 0
-116 -119 0
-116 -120 0
-117 -118 0
-117 -119 0
-117 -120 0
-118 -119 0
-118 -120 0
-119 -120 0
-106 -406 0
-107 -407 0
-108 -408 0
-109 -409 0
-110 -410 0
-111 -411 0
-112 -412 0
-113 -413 0
-114 -414 0
-115 -415 0
-116 -416 0
-117 -417 0
-118 -418 0
-119 -419 0
-120 -420 0
-106 -316 0
-107 -317 0
-108 -318 0
-109 -319 0
-110 -320 0
-111 -321 0
-112 -322 0
-113 -323 0
-114 -324 0
-115 -325 0
-116 -326 0
-117 -327 0
-118 -328 0
-119 -329 0
-120 -330 0
-106 -301 0
-107 -302 0
-108 -303 0
-109 -304 0
-110 -305 0
-111 -306 0
-112 -307 0
-113 -308 0
-114 -309 0
-115 -310 0
-116 -311 0
-117 -312 0
-118 -313 0
-119 -314 0
-120 -315 0
-106 -421 0
-107 -422 0
-108 -423 0
-109 -424 0
-110 -425 0
-111 -426 0
-112 -427 0
-113 -428 0
-114 -429 0
-115 -430 0
-116 -431 0
-117 -432 0
-118 -433 0
-119 -434 0
-120 -435 0
-106 -241 0
-107 -242 0
-108 -243 0
-109 -244 0
-110 -245 0
-111 -246 0
-112 -247 0
-113 -248 0
-114 -249 0
-115 -250 0
-116 -251 0
-117 -252 0
-118 -253 0
-119 -254 0
-120 -255 0
-106 -301 0
-107 -302 0
-108 -303 0
-109 -304 0
-110 -305 0
-111 -306 0
-112 -307 0
-113 -308 0
-114 -309 0
-115 -310 0
-116 -311 0
-117 -312 0
-118 -313 0
-119 -314 0
-120 -315 0
-106 -151 0
-107 -152 0
-108 -153 0
-109 -154 0
-110 -155 0
-111 -156 0
-112 -157 0
-113 -158 0
-114 -159 0
-115 -160 0
-116 -161 0
-117 -162 0
-118 -163 0
-119 -164 0
-120 -165 0
135 134 133 132 131 130 129 128 127 126 125 124 123 122 121 0
-121 -122 0
-121 -123 0
-121 -124 0
-121 -125 0
-121 -126 0
-121 -127 0
-121 -128 0
-121 -129 0
-121 -130 0
-121 -131 0
-121 -132 0
-121 -133 0
-121 -134 0
-121 -135 0
-122 -123 0
-122 -124 0
-122 -125 0
-122 -126 0
-122 -127 0
-122 -128 0
-122 -129 0
-122 -130 0
-122 -131 0
-122 -132 0
-122 -133 0
-122 -134 0
-122 -135 0
-123 -124 0
-123 -125 0
-123 -126 0
-123 -127 0
-123 -128 0
-123 -129 0
-123 -130 0
-123 -131 0
-123 -132 0
-123 -133 0
-123 -134 0
-123 -135 0
-124 -125 0
-124 -126 0
-124 -127 0
-124 -128 0
-124 -129 0
-124 -130 0
-124 -131 0
-124 -132 0
-124 -133 0
-124 -134 0
-124 -135 0
-125 -126 0
-125 -127 0
-125 -128 0
-125 -129 0
-125 -130 0
-125 -131 0
-125 -132 0
-125 -133 0
-125 -134 0
-125 -135 0
-126 -127 0
-126 -128 0
-126 -129 0
-126 -130 0
-126 -131 0
-126 -132 0
-126 -133 0
-126 -134 0
-126 -135 0
-127 -128 0
-127 -129 0
-127 -130 0
-127 -131 0
-127 -132 0
-127 -133 0
-127 -134 0
-127 -135 0
-128 -129 0
-128 -130 0
-128 -131 0
-128 -132 0
-128 -133 0
-128 -134 0
-128 -135 0
-129 -130 0
-129 -131 0
-129 -132 0
-129 -133 0
-129 -134 0
-129 -135 0
-130 -131 0
-130 -132 0
-130 -133 0
-130 -134 0
-130 -135 0
-131 -132 0
-131 -133 0
-131 -134 0
-131 -135 0
-132 -133 0
-132 -134 0
-132 -135 0
-133 -134 0
-133 -135 0
-134 -135 0
-121 -271 0
-122 -272 0
-123 -273 0
-124 -274 0
-125 -275 0
-126 -276 0
-127 -277 0
-128 -278 0
-129 -279 0
-130 -280 0
-131 -281 0
-132 -282 0
-133 -283 0
-134 -284 0
-135 -285 0
-121 -196 0
-122 -197 0
-123 -198 0
-124 -199 0
-125 -200 0
-126 -201 0
-127 -202 0
-128 -203 0
-129 -204 0
-130 -205 0
-131 -206 0
-132 -207 0
-133 -208 0
-134 -209 0
-135 -210 0
-121 -421 0
-122 -422 0
-123 -423 0
-124 -424 0
-125 -425 0
-126 -426 0
-127 -427 0
-128 -428 0
-129 -429 0
-130 -430 0
-131 -431 0
-132 -432 0
-133 -433 0
-134 -434 0
-135 -435 0
-121 -286 0
-122 -287 0
-123 -288 0
-124 -289 0
-125 -290 0
-126 -291 0
-127 -292 0
-128 -293 0
-129 -294 0
-130 -295 0
-131 -296 0
-132 -297 0
-133 -298 0
-134 -299 0
-135 -300 0
150 149 148 147 146 145 144 143 142 141 140 139 138 137 136 0
-136 -137 0
-136 -138 0
-136 -139 0
-136 -140 0
-136 -141 0
-136 -142 0
-136 -143 0
-136 -144 0
-136 -145 0
-136 -146 0
-136 -147 0
-136 -148 0
-136 -149 0
-136 -150 0
-137 -138 0
-137 -139 0
-137 -140 0
-137 -141 0
-137 -142 0
-137 -143 0
-137 -144 0
-137 -145 0
-137 -146 0
-137 -147 0
-137 -148 0
-137 -149 0
-137 -150 0
-138 -139 0
-138 -140 0
-138 -141 0
-138 -142 0
-138 -143 0
-138 -144 0
-138 -145 0
-138 -146 0
-138 -147 0
-138 -148 0
-138 -149 0
-138 -150 0
-139 -140 0
-139 -141 0
-139 -142 0
-139 -143 0
-139 -144 0
-139 -145 0
-139 -146 0
-139 -147 0
-139 -148 0
-139 -149 0
-139 -150 0
-140 -141 0
-140 -142 0
-140 -143 0
-140 -144 0
-140 -145 0
-140 -146 0
-140 -147 0
-140 -148 0
-140 -149 0
-140 -150 0
-141 -142 0
-141 -143 0
-141 -144 0
-141 -145 0
-141 -146 0
-141 -147 0
-141 -148 0
-141 -149 0
-141 -150 0
-142 -143 0
-142 -144 0
-142 -145 0
-142 -146 0
-142 -147 0
-142 -148 0
-142 -149 0
-142 -150 0
-143 -144 0
-143 -145 0
-143 -146 0
-143 -147 0
-143 -148 0
-143 -149 0
-143 -150 0
-144 -145 0
-144 -146 0
-144 -147 0
-144 -148 0
-144 -149 0
-144 -150 0
-145 -146 0
-145 -147 0
-145 -148 0
-145 -149 0
-145 -150 0
-146 -147 0
-146 -148 0
-146 -149 0
-146 -150 0
-147 -148 0
-147 -149 0
-147 -150 0
-148 -149 0
-148 -150 0
-149 -150 0
-136 -1 0
-137 -2 0
-138 -3 0
-139 -4 0
-140 -5 0
-141 -6 0
-142 -7 0
-143 -8 0
-144 -9 0
-145 -10 0
-146 -11 0
-147 -12 0
-148 -13 0
-149 -14 0
-150 -15 0
-136 -301 0
-137 -302 0
-138 -303 0
-139 -304 0
-140 -305 0
-141 -306 0
-142 -307 0
-143 -308 0
-144 -309 0
-145 -310 0
-146 -311 0
-147 -312 0
-148 -313 0
-149 -314 0
-150 -315 0
-136 -361 0
-137 -362 0
-138 -363 0
-139 -364 0
-140 -365 0
-141 -366 0
-142 -367 0
-143 -368 0
-144 -369 0
-145 -370 0
-146 -371 0
-147 -372 0
-148 -373 0
-149 -374 0
-150 -375 0
-136 -376 0
-137 -377 0
-138 -378 0
-139 -379 0
-140 -380 0
-141 -381 0
-142 -382 0
-143 -383 0
-144 -384 0
-145 -385 0
-146 -386 0
-147 -387 0
-148 -388 0
-149 -389 0
-150 -390 0
-136 -121 0
-137 -122 0
-138 -123 0
-139 -124 0
-140 -125 0
-141 -126 0
-142 -127 0
-143 -128 0
-144 -129 0
-145 -130 0
-146 -131 0
-147 -132 0
-148 -133 0
-149 -134 0
-150 -135 0
-136 -106 0
-137 -107 0
-138 -108 0
-139 -109 0
-140 -110 0
-141 -111 0
-142 -112 0
-143 -113 0
-144 -114 0
-145 -115 0
-146 -116 0
-147 -117 0
-148 -118 0
-149 -119 0
-150 -120 0
-136 -406 0
-137 -407 0
-138 -408 0
-139 -409 0
-140 -410 0
-141 -411 0
-142 -412 0
-143 -413 0
-144 -414 0
-145 -415 0
-146 -416 0
-147 -417 0
-148 -418 0
-149 -419 0
-150 -420 0
-136 -226 0
-137 -227 0
-138 -228 0
-139 -229 0
-140 -230 0
-141 -231 0
-142 -232 0
-143 -233 0
-144 -234 0
-145 -235 0
-146 -236 0
-147 -237 0
-148 -238 0
-149 -239 0
-150 -240 0
-136 -196 0
-137 -197 0
-138 -198 0
-139 -199 0
-140 -200 0
-141 -201 0
-142 -202 0
-143 -203 0
-144 -204 0
-145 -205 0
-146 -206 0
-147 -207 0
-148 -208 0
-149 -209 0
-150 -210 0
-136 -346 0
-137 -347 0
-138 -348 0
-139 -349 0
-140 -350 0
-141 -351 0
-142 -352 0
-143 -353 0
-144 -354 0
-145 -355 0
-146 -356 0
-147 -357 0
-148 -358 0
-149 -359 0
-150 -360 0
-136 -76 0
-137 -77 0
-138 -78 0
-139 -79 0
-140 -80 0
-141 -81 0
-142 -82 0
-143 -83 0
-144 -84 0
-145 -85 0
-146 -86 0
-147 -87 0
-148 -88 0
-149 -89 0
-150 -90 0
165 164 163 162 161 160 159 158 157 156 155 154 153 152 151 0
-151 -152 0
-151 -153 0
-151 -154 0
-151 -155 0
-151 -156 0
-151 -157 0
-151 -158 0
-151 -159 0
-151 -160 0
-151 -161 0
-151 -162 0
-151 -163 0
-151 -164 0
-151 -165 0
-152 -153 0
-152 -154 0
-152 -155 0
-152 -156 0
-152 -157 0
-152 -158 0
-152 -159 0
-152 -160 0
-152 -161 0
-152 -162 0
-152 -163 0
-152 -164 0
-152 -165 0
-153 -154 0
-153 -155 0
-153 -156 0
-153 -157 0
-153 -158 0
-153 -159 0
-153 -160 0
-153 -161 0
-153 -162 0
-153 -163 0
-153 -164 0
-153 -165 0
-154 -155 0
-154 -156 0
-154 -157 0
-154 -158 0
-154 -159 0
-154 -160 0
-154 -161 0
-154 -162 0
-154 -163 0
-154 -164 0
-154 -165 0
-155 -156 0
-155 -157 0
-155 -158 0
-155 -159 0
-155 -160 0
-155 -161 0
-155 -162 0
-155 -163 0
-155 -164 0
-155 -165 0
-156 -157 0
-156 -158 0
-156 -159 0
-156 -160 0
-156 -161 0
-156 -162 0
-156 -163 0
-156 -164 0
-156 -165 0
-157 -158 0
-157 -159 0
-157 -160 0
-157 -161 0
-157 -162 0
-157 -163 0
-157 -164 0
-157 -165 0
-158 -159 0
-158 -160 0
-158 -161 0
-158 -162 0
-158 -163 0
-158 -164 0
-158 -165 0
-159 -160 0
-159 -161 0
-159 -162 0
-159 -163 0
-159 -164 0
-159 -165 0
-160 -161 0
-160 -162 0
-160 -163 0
-160 -164 0
-160 -165 0
-161 -162 0
-161 -163 0
-161 -164 0
-161 -165 0
-162 -163 0
-162 -164 0
-162 -165 0
-163 -164 0
-163 -165 0
-164 -165 0
-151 -256 0
-152 -257 0
-153 -258 0
-154 -259 0
-155 -260 0
-156 -261 0
-157 -262 0
-158 -263 0
-159 -264 0
-160 -265 0
-161 -266 0
-162 -267 0
-163 -268 0
-164 -269 0
-165 -270 0
-151 -46 0
-152 -47 0
-153 -48 0
-154 -49 0
-155 -50 0
-156 -51 0
-157 -52 0
-158 -53 0
-159 -54 0
-160 -55 0
-161 -56 0
-162 -57 0
-163 -58 0
-164 -59 0
-165 -60 0
-151 -421 0
-152 -422 0
-153 -423 0
-154 -424 0
-155 -425 0
-156 -426 0
-157 -427 0
-158 -428 0
-159 -429 0
-160 -430 0
-161 -431 0
-162 -432 0
-163 -433 0
-164 -434 0
-165 -435 0
-151 -16 0
-152 -17 0
-153 -18 0
-154 -19 0
-155 -20 0
-156 -21 0
-157 -22 0
-158 -23 0
-159 -24 0
-160 -25 0
-161 -26 0
-162 -27 0
-163 -28 0
-164 -29 0
-165 -30 0
-151 -76 0
-152 -77 0
-153 -78 0
-154 -79 0
-155 -80 0
-156 -81 0
-157 -82 0
-158 -83 0
-159 -84 0
-160 -85 0
-161 -86 0
-162 -87 0
-163 -88 0
-164 -89 0
-165 -90 0
-151 -61 0
-152 -62 0
-153 -63 0
-154 -64 0
-155 -65 0
-156 -66 0
-157 -67 0
-158 -68 0
-159 -69 0
-160 -70 0
-161 -71 0
-162 -72 0
-163 -73 0
-164 -74 0
-165 -75 0
-151 -1 0
-152 -2 0
-153 -3 0
-154 -4 0
-155 -5 0
-156 -6 0
-157 -7 0
-158 -8 0
-159 -9 0
-160 -10 0
-161 -11 0
-162 -12 0
-163 -13 0
-164 -14 0
-165 -15 0
-151 -211 0
-152 -212 0
-153 -213 0
-154 -214 0
-155 -215 0
-156 -216 0
-157 -217 0
-158 -218 0
-159 -219 0
-160 -220 0
-161 -221 0
-162 -222 0
-163 -223 0
-164 -224 0
-165 -225 0
180 179 178 177 176 175 174 173 172 171 170 169 168 167 166 0
-166 -167 0
-166 -168 0
-166 -169 0
-166 -170 0
-166 -171 0
-166 -172 0
-166 -173 0
-166 -174 0
-166 -175 0
-166 -176 0
-166 -177 0
-166 -178 0
-166 -179 0
-166 -180 0
-167 -168 0
-167 -169 0
-167 -170 0
-167 -171 0
-167 -172 0
-167 -173 0
-167 -174 0
-167 -175 0
-167 -176 0
-167 -177 0
-167 -178 0
-167 -179 0
-167 -180 0
-168 -169 0
-168 -170 0
-168 -171 0
-168 -172 0
-168 -173 0
-168 -174 0
-168 -175 0
-168 -176 0
-168 -177 0
-168 -178 0
-168 -179 0
-168 -180 0
-169 -170 0
-169 -171 0
-169 -172 0
-169 -173 0
-169 -174 0
-169 -175 0
-169 -176 0
-169 -177 0
-169 -178 0
-169 -179 0
-169 -180 0
-170 -171 0
-170 -172 0
-170 -173 0
-170 -174 0
-170 -175 0
-170 -176 0
-170 -177 0
-170 -178 0
-170 -179 0
-170 -180 0
-171 -172 0
-171 -173 0
-171 -174 0
-171 -175 0
-171 -176 0
-171 -177 0
-171 -178 0
-171 -179 0
-171 -180 0
-172 -173 0
-172 -174 0
-172 -175 0
-172 -176 0
-172 -177 0
-172 -178 0
-172 -179 0
-172 -180 0
-173 -174 0
-173 -175 0
-173 -176 0
-173 -177 0
-173 -178 0
-173 -179 0
-173 -180 0
-174 -175 0
-174 -176 0
-174 -177 0
-174 -178 0
-174 -179 0
-174 -180 0
-175 -176 0
-175 -177 0
-175 -178 0
-175 -179 0
-175 -180 0
-176 -177 0
-176 -178 0
-176 -179 0
-176 -180 0
-177 -178 0
-177 -179 0
-177 -180 0
-178 -179 0
-178 -180 0
-179 -180 0
-166 -376 0
-167 -377 0
-168 -378 0
-169 -379 0
-170 -380 0
-171 -381 0
-172 -382 0
-173 -383 0
-174 -384 0
-175 -385 0
-176 -386 0
-177 -387 0
-178 -388 0
-179 -389 0
-180 -390 0
-166 -436 0
-167 -437 0
-168 -438 0
-169 -439 0
-170 -440 0
-171 -441 0
-172 -442 0
-173 -443 0
-174 -444 0
-175 -445 0
-176 -446 0
-177 -447 0
-178 -448 0
-179 -449 0
-180 -450 0
-166 -256 0
-167 -257 0
-168 -258 0
-169 -259 0
-170 -260 0
-171 -261 0
-172 -262 0
-173 -263 0
-174 -264 0
-175 -265 0
-176 -266 0
-177 -267 0
-178 -268 0
-179 -269 0
-180 -270 0
-166 -151 0
-167 -152 0
-168 -153 0
-169 -154 0
-170 -155 0
-171 -156 0
-172 -157 0
-173 -158 0
-174 -159 0
-175 -160 0
-176 -161 0
-177 -162 0
-178 -163 0
-179 -164 0
-180 -165 0
-166 -241 0
-167 -242 0
-168 -243 0
-169 -244 0
-170 -245 0
-171 -246 0
-172 -247 0
-173 -248 0
-174 -249 0
-175 -250 0
-176 -251 0
-177 -252 0
-178 -253 0
-179 -254 0
-180 -255 0
195 194 193 192 191 190 189 188 187 186 185 184 183 182 181 0
-181 -182 0
-181 -183 0
-181 -184 0
-181 -185 0
-181 -186 0
-181 -187 0
-181 -188 0
-181 -189 0
-181 -190 0
-181 -191 0
-181 -192 0
-181 -193 0
-181 -194 0
-181 -195 0
-182 -183 0
-182 -184 0
-182 -185 0
-182 -186 0
-182 -187 0
-182 -188 0
-182 -189 0
-182 -190 0
-182 -191 0
-182 -192 0
-182 -193 0
-182 -194 0
-182 -195 0
-183 -184 0
-183 -185 0
-183 -186 0
-183 -187 0
-183 -188 0
-183 -189 0
-183 -190 0
-183 -191 0
-183 -192 0
-183 -193 0
-183 -194 0
-183 -195 0
-184 -185 0
-184 -186 0
-184 -187 0
-184 -188 0
-184 -189 0
-184 -190 0
-184 -191 0
-184 -192 0
-184 -193 0
-184 -194 0
-184 -195 0
-185 -186 0
-185 -187 0
-185 -188 0
-185 -189 0
-185 -190 0
-185 -191 0
-185 -192 0
-185 -193 0
-185 -194 0
-185 -195 0
-186 -187 0
-186 -188 0
-186 -189 0
-186 -190 0
-186 -191 0
-186 -192 0
-186 -193 0
-186 -194 0
-186 -195 0
-187 -188 0
-187 -189 0
-187 -190 0
-187 -191 0
-187 -192 0
-187 -193 0
-187 -194 0
-187 -195 0
-188 -189 0
-188 -190 0
-188 -191 0
-188 -192 0
-188 -193 0
-188 -194 0
-188 -195 0
-189 -190 0
-189 -191 0
-189 -192 0
-189 -193 0
-189 -194 0
-189 -195 0
-190 -191 0
-190 -192 0
-190 -193 0
-190 -194 0
-190 -195 0
-191 -192 0
-191 -193 0
-191 -194 0
-191 -195 0
-192 -193 0
-192 -194 0
-192 -195 0
-193 -194 0
-193 -195 0
-194 -195 0
-181 -421 0
-182 -422 0
-183 -423 0
-184 -424 0
-185 -425 0
-186 -426 0
-187 -427 0
-188 -428 0
-189 -429 0
-190 -430 0
-191 -431 0
-192 -432 0
-193 -433 0
-194 -434 0
-195 -435 0
-181 -286 0
-182 -287 0
-183 -288 0
-184 -289 0
-185 -290 0
-186 -291 0
-187 -292 0
-188 -293 0
-189 -294 0
-190 -295 0
-191 -296 0
-192 -297 0
-193 -298 0
-194 -299 0
-195 -300 0
-181 -61 0
-182 -62 0
-183 -63 0
-184 -64 0
-185 -65 0
-186 -66 0
-187 -67 0
-188 -68 0
-189 -69 0
-190 -70 0
-191 -71 0
-192 -72 0
-193 -73 0
-194 -74 0
-195 -75 0
-181 -286 0
-182 -287 0
-183 -288 0
-184 -289 0
-185 -290 0
-186 -291 0
-187 -292 0
-188 -293 0
-189 -294 0
-190 -295 0
-191 -296 0
-192 -297 0
-193 -298 0
-194 -299 0
-195 -300 0
-181 -361 0
-182 -362 0
-183 -363 0
-184 -364 0
-185 -365 0
-186 -366 0
-187 -367 0
-188 -368 0
-189 -369 0
-190 -370 0
-191 -371 0
-192 -372 0
-193 -373 0
-194 -374 0
-195 -375 0
-181 -361 0
-182 -362 0
-183 -363 0
-184 -364 0
-185 -365 0
-186 -366 0
-187 -367 0
-188 -368 0
-189 -369 0
-190 -370 0
-191 -371 0
-192 -372 0
-193 -373 0
-194 -374 0
-195 -375 0
-181 -1 0
-182 -2 0
-183 -3 0
-184 -4 0
-185 -5 0
-186 -6 0
-187 -7 0
-188 -8 0
-189 -9 0
-190 -10 0
-191 -11 0
-192 -12 0
-193 -13 0
-194 -14 0
-195 -15 0
-181 -421 0
-182 -422 0
-183 -423 0
-184 -424 0
-185 -425 0
-186 -426 0
-187 -427 0
-188 -428 0
-189 -429 0
-190 -430 0
-191 -431 0
-192 -432 0
-193 -433 0
-194 -434 0
-195 -435 0
-181 -361 0
-182 -362 0
-183 -363 0
-184 -364 0
-185 -365 0
-186 -366 0
-187 -367 0
-188 -368 0
-189 -369 0
-190 -370 0
-191 -371 0
-192 -372 0
-193 -373 0
-194 -374 0
-195 -375 0
-181 -76 0
-182 -77 0
-183 -78 0
-184 -79 0
-185 -80 0
-186 -81 0
-187 -82 0
-188 -83 0
-189 -84 0
-190 -85 0
-191 -86 0
-192 -87 0
-193 -88 0
-194 -89 0
-195 -90 0
-181 -136 0
-182 -137 0
-183 -138 0
-184 -139 0
-185 -140 0
-186 -141 0
-187 -142 0
-188 -143 0
-189 -144 0
-190 -145 0
-191 -146 0
-192 -147 0
-193 -148 0
-194 -149 0
-195 -150 0
210 209 208 207 206 205 204 203 202 201 200 199 198 197 196 0
-196 -197 0
-196 -198 0
-196 -199 0
-196 -200 0
-196 -201 0
-196 -202 0
-196 -203 0
-196 -204 0
-196 -205 0
-196 -206 0
-196 -207 0
-196 -208 0
-196 -209 0
-196 -210 0
-197 -198 0
-197 -199 0
-197 -200 0
-197 -201 0
-197 -202 0
-197 -203 0
-197 -204 0
-197 -205 0
-197 -206 0
-197 -207 0
-197 -208 0
-197 -209 0
-197 -210 0
-198 -199 0
-198 -200 0
-198 -201 0
-198 -202 0
-198 -203 0
-198 -204 0
-198 -205 0
-198 -206 0
-198 -207 0
-198 -208 0
-198 -209 0
-198 -210 0
-199 -200 0
-199 -201 0
-199 -202 0
-199 -203 0
-199 -204 0
-199 -205 0
-199 -206 0
-199 -207 0
-199 -208 0
-199 -209 0
-199 -210 0
-200 -201 0
-200 -202 0
-200 -203 0
-200 -204 0
-200 -205 0
-200 -206 0
-200 -207 0
-200 -208 0
-200 -209 0
-200 -210 0
-201 -202 0
-201 -203 0
-201 -204 0
-201 -205 0
-201 -206 0
-201 -207 0
-201 -208 0
-201 -209 0
-201 -210 0
-202 -203 0
-202 -204 0
-202 -205 0
-202 -206 0
-202 -207 0
-202 -208 0
-202 -209 0
-202 -210 0
-203 -204 0
-203 -205 0
-203 -206 0
-203 -207 0
-203 -208 0
-203 -209 0
-203 -210 0
-204 -205 0
-204 -206 0
-204 -207 0
-204 -208 0
-204 -209 0
-204 -210 0
-205 -206 0
-205 -207 0
-205 -208 0
-205 -209 0
-205 -210 0
-206 -207 0
-206 -208 0
-206 -209 0
-206 -210 0
-207 -208 0
-207 -209 0
-207 -210 0
-208 -209 0
-208 -210 0
-209 -210 0
-196 -46 0
-197 -47 0
-198 -48 0
-199 -49 0
-200 -50 0
-201 -51 0
-202 -52 0
-203 -53 0
-204 -54 0
-205 -55 0
-206 -56 0
-207 -57 0
-208 -58 0
-209 -59 0
-210 -60 0
-196 -91 0
-197 -92 0
-198 -93 0
-199 -94 0
-200 -95 0
-201 -96 0
-202 -97 0
-203 -98 0
-204 -99 0
-205 -100 0
-206 -101 0
-207 -102 0
-208 -103 0
-209 -104 0
-210 -105 0
-196 -181 0
-197 -182 0
-198 -183 0
-199 -184 0
-200 -185 0
-201 -186 0
-202 -187 0
-203 -188 0
-204 -189 0
-205 -190 0
-206 -191 0
-207 -192 0
-208 -193 0
-209 -194 0
-210 -195 0
-196 -61 0
-197 -62 0
-198 -63 0
-199 -64 0
-200 -65 0
-201 -66 0
-202 -67 0
-203 -68 0
-204 -69 0
-205 -70 0
-206 -71 0
-207 -72 0
-208 -73 0
-209 -74 0
-210 -75 0
-196 -181 0
-197 -182 0
-198 -183 0
-199 -184 0
-200 -185 0
-201 -186 0
-202 -187 0
-203 -188 0
-204 -189 0
-205 -190 0
-206 -191 0
-207 -192 0
-208 -193 0
-209 -194 0
-210 -195 0
-196 -331 0
-197 -332 0
-198 -333 0
-199 -334 0
-200 -335 0
-201 -336 0
-202 -337 0
-203 -338 0
-204 -339 0
-205 -340 0
-206 -341 0
-207 -342 0
-208 -343 0
-209 -344 0
-210 -345 0
225 224 223 222 221 220 219 218 217 216 215 214 213 212 211 0
-211 -212 0
-211 -213 0
-211 -214 0
-211 -215 0
-211 -216 0
-211 -217 0
-211 -218 0
-211 -219 0
-211 -220 0
-211 -221 0
-211 -222 0
-211 -223 0
-211 -224 0
-211 -225 0
-212 -213 0
-212 -214 0
-212 -215 0
-212 -216 0
-212 -217 0
-212 -218 0
-212 -219 0
-212 -220 0
-212 -221 0
-212 -222 0
-212 -223 0
-212 -224 0
-212 -225 0
-213 -214 0
-213 -215 0
-213 -216 0
-213 -217 0
-213 -218 0
-213 -219 0
-213 -220 0
-213 -221 0
-213 -222 0
-213 -223 0
-213 -224 0
-213 -225 0
-214 -215 0
-214 -216 0
-214 -217 0
-214 -218 0
-214 -219 0
-214 -220 0
-214 -221 0
-214 -222 0
-214 -223 0
-214 -224 0
-214 -225 0
-215 -216 0
-215 -217 0
-215 -218 0
-215 -219 0
-215 -220 0
-215 -221 0
-215 -222 0
-215 -223 0
-215 -224 0
-215 -225 0
-216 -217 0
-216 -218 0
-216 -219 0
-216 -220 0
-216 -221 0
-216 -222 0
-216 -223 0
-216 -224 0
-216 -225 0
-217 -218 0
-217 -219 0
-217 -220 0
-217 -221 0
-217 -222 0
-217 -223 0
-217 -224 0
-217 -225 0
-218 -219 0
-218 -220 0
-218 -221 0
-218 -222 0
-218 -223 0
-218 -224 0
-218 -225 0
-219 -220 0
-219 -221 0
-219 -222 0
-219 -223 0
-219 -224 0
-219 -225 0
-220 -221 0
-220 -222 0
-220 -223 0
-220 -224 0
-220 -225 0
-221 -222 0
-221 -223 0
-221 -224 0
-221 -225 0
-222 -223 0
-222 -224 0
-222 -225 0
-223 -224 0
-223 -225 0
-224 -225 0
-211 -436 0
-212 -437 0
-213 -438 0
-214 -439 0
-215 -440 0
-216 -441 0
-217 -442 0
-218 -443 0
-219 -444 0
-220 -445 0
-221 -446 0
-222 -447 0
-223 -448 0
-224 -449 0
-225 -450 0
-211 -256 0
-212 -257 0
-213 -258 0
-214 -259 0
-215 -260 0
-216 -261 0
-217 -262 0
-218 -263 0
-219 -264 0
-220 -265 0
-221 -266 0
-222 -267 0
-223 -268 0
-224 -269 0
-225 -270 0
-211 -286 0
-212 -287 0
-213 -288 0
-214 -289 0
-215 -290 0
-216 -291 0
-217 -292 0
-218 -293 0
-219 -294 0
-220 -295 0
-221 -296 0
-222 -297 0
-223 -298 0
-224 -299 0
-225 -300 0
-211 -316 0
-212 -317 0
-213 -318 0
-214 -319 0
-215 -320 0
-216 -321 0
-217 -322 0
-218 -323 0
-219 -324 0
-220 -325 0
-221 -326 0
-222 -327 0
-223 -328 0
-224 -329 0
-225 -330 0
-211 -241 0
-212 -242 0
-213 -243 0
-214 -244 0
-215 -245 0
-216 -246 0
-217 -247 0
-218 -248 0
-219 -249 0
-220 -250 0
-221 -251 0
-222 -252 0
-223 -253 0
-224 -254 0
-225 -255 0
240 239 238 237 236 235 234 233 232 231 230 229 228 227 226 0
-226 -227 0
-226 -228 0
-226 -229 0
-226 -230 0
-226 -231 0
-226 -232 0
-226 -233 0
-226 -234 0
-226 -235 0
-226 -236 0
-226 -237 0
-226 -238 0
-226 -239 0
-226 -240 0
-227 -228 0
-227 -229 0
-227 -230 0
-227 -231 0
-227 -232 0
-227 -233 0
-227 -234 0
-227 -235 0
-227 -236 0
-227 -237 0
-227 -238 0
-227 -239 0
-227 -240 0
-228 -229 0
-228 -230 0
-228 -231 0
-228 -232 0
-228 -233 0
-228 -234 0
-228 -235 0
-228 -236 0
-228 -237 0
-228 -238 0
-228 -239 0
-228 -240 0
-229 -230 0
-229 -231 0
-229 -232 0
-229 -233 0
-229 -234 0
-229 -235 0
-229 -236 0
-229 -237 0
-229 -238 0
-229 -239 0
-229 -240 0
-230 -231 0
-230 -232 0
-230 -233 0
-230 -234 0
-230 -235 0
-230 -236 0
-230 -237 0
-230 -238 0
-230 -239 0
-230 -240 0
-231 -232 0
-231 -233 0
-231 -234 0
-231 -235 0
-231 -236 0
-231 -237 0
-231 -238 0
-231 -239 0
-231 -240 0
-232 -233 0
-232 -234 0
-232 -235 0
-232 -236 0
-232 -237 0
-232 -238 0
-232 -239 0
-232 -240 0
-233 -234 0
-233 -235 0
-233 -236 0
-233 -237 0
-233 -238 0
-233 -239 0
-233 -240 0
-234 -235 0
-234 -236 0
-234 -237 0
-234 -238 0
-234 -239 0
-234 -240 0
-235 -236 0
-235 -237 0
-235 -238 0
-235 -239 0
-235 -240 0
-236 -237 0
-236 -238 0
-236 -239 0
-236 -240 0
-237 -238 0
-237 -239 0
-237 -240 0
-238 -239 0
-238 -240 0
-239 -240 0
-226 -376 0
-227 -377 0
-228 -378 0
-229 -379 0
-230 -380 0
-231 -381 0
-232 -382 0
-233 -383 0
-234 -384 0
-235 -385 0
-236 -386 0
-237 -387 0
-238 -388 0
-239 -389 0
-240 -390 0
-226 -166 0
-227 -167 0
-228 -168 0
-229 -169 0
-230 -170 0
-231 -171 0
-232 -172 0
-233 -173 0
-234 -174 0
-235 -175 0
-236 -176 0
-237 -177 0
-238 -178 0
-239 -179 0
-240 -180 0
-226 -286 0
-227 -287 0
-228 -288 0
-229 -289 0
-230 -290 0
-231 -291 0
-232 -292 0
-233 -293 0
-234 -294 0
-235 -295 0
-236 -296 0
-237 -297 0
-238 -298 0
-239 -299 0
-240 -300 0
-226 -316 0
-227 -317 0
-228 -318 0
-229 -319 0
-230 -320 0
-231 -321 0
-232 -322 0
-233 -323 0
-234 -324 0
-235 -325 0
-236 -326 0
-237 -327 0
-238 -328 0
-239 -329 0
-240 -330 0
-226 -361 0
-227 -362 0
-228 -363 0
-229 -364 0
-230 -365 0
-231 -366 0
-232 -367 0
-233 -368 0
-234 -369 0
-235 -370 0
-236 -371 0
-237 -372 0
-238 -373 0
-239 -374 0
-240 -375 0
-226 -136 0
-227 -137 0
-228 -138 0
-229 -139 0
-230 -140 0
-231 -141 0
-232 -142 0
-233 -143 0
-234 -144 0
-235 -145 0
-236 -146 0
-237 -147 0
-238 -148 0
-239 -149 0
-240 -150 0
255 254 253 252 251 250 249 248 247 246 245 244 243 242 241 0
-241 -242 0
-241 -243 0
-241 -244 0
-241 -245 0
-241 -246 0
-241 -247 0
-241 -248 0
-241 -249 0
-241 -250 0
-241 -251 0
-241 -252 0
-241 -253 0
-241 -254 0
-241 -255 0
-242 -243 0
-242 -244 0
-242 -245 0
-242 -246 0
-242 -247 0
-242 -248 0
-242 -249 0
-242 -250 0
-242 -251 0
-242 -252 0
-242 -253 0
-242 -254 0
-242 -255 0
-243 -244 0
-243 -245 0
-243 -246 0
-243 -247 0
-243 -248 0
-243 -249 0
-243 -250 0
-243 -251 0
-243 -252 0
-243 -253 0
-243 -254 0
-243 -255 0
-244 -245 0
-244 -246 0
-244 -247 0
-244 -248 0
-244 -249 0
-244 -250 0
-244 -251 0
-244 -252 0
-244 -253 0
-244 -254 0
-244 -255 0
-245 -246 0
-245 -247 0
-245 -248 0
-245 -249 0
-245 -250 0
-245 -251 0
-245 -252 0
-245 -253 0
-245 -254 0
-245 -255 0
-246 -247 0
-246 -248 0
-246 -249 0
-246 -250 0
-246 -251 0
-246 -252 0
-246 -253 0
-246 -254 0
-246 -255 0
-247 -248 0
-247 -249 0
-247 -250 0
-247 -251 0
-247 -252 0
-247 -253 0
-247 -254 0
-247 -255 0
-248 -249 0
-248 -250 0
-248 -251 0
-248 -252 0
-248 -253 0
-248 -254 0
-248 -255 0
-249 -250 0
-249 -251 0
-249 -252 0
-249 -253 0
-249 -254 0
-249 -255 0
-250 -251 0
-250 -252 0
-250 -253 0
-250 -254 0
-250 -255 0
-251 -252 0
-251 -253 0
-251 -254 0
-251 -255 0
-252 -253 0
-252 -254 0
-252 -255 0
-253 -254 0
-253 -255 0
-254 -255 0
-241 -316 0
-242 -317 0
-243 -318 0
-244 -319 0
-245 -320 0
-246 -321 0
-247 -322 0
-248 -323 0
-249 -324 0
-250 -325 0
-251 -326 0
-252 -327 0
-253 -328 0
-254 -329 0
-255 -330 0
-241 -361 0
-242 -362 0
-243 -363 0
-244 -364 0
-245 -365 0
-246 -366 0
-247 -367 0
-248 -368 0
-249 -369 0
-250 -370 0
-251 -371 0
-252 -372 0
-253 -373 0
-254 -374 0
-255 -375 0
-241 -406 0
-242 -407 0
-243 -408 0
-244 -409 0
-245 -410 0
-246 -411 0
-247 -412 0
-248 -413 0
-249 -414 0
-250 -415 0
-251 -416 0
-252 -417 0
-253 -418 0
-254 -419 0
-255 -420 0
-241 -361 0
-242 -362 0
-243 -363 0
-244 -364 0
-245 -365 0
-246 -366 0
-247 -367 0
-248 -368 0
-249 -369 0
-250 -370 0
-251 -371 0
-252 -372 0
-253 -373 0
-254 -374 0
-255 -375 0
270 269 268 267 266 265 264 263 262 261 260 259 258 257 256 0
-256 -257 0
-256 -258 0
-256 -259 0
-256 -260 0
-256 -261 0
-256 -262 0
-256 -263 0
-256 -264 0
-256 -265 0
-256 -266 0
-256 -267 0
-256 -268 0
-256 -269 0
-256 -270 0
-257 -258 0
-257 -259 0
-257 -260 0
-257 -261 0
-257 -262 0
-257 -263 0
-257 -264 0
-257 -265 0
-257 -266 0
-257 -267 0
-257 -268 0
-257 -269 0
-257 -270 0
-258 -259 0
-258 -260 0
-258 -261 0
-258 -262 0
-258 -263 0
-258 -264 0
-258 -265 0
-258 -266 0
-258 -267 0
-258 -268 0
-258 -269 0
-258 -270 0
-259 -260 0
-259 -261 0
-259 -262 0
-259 -263 0
-259 -264 0
-259 -265 0
-259 -266 0
-259 -267 0
-259 -268 0
-259 -269 0
-259 -270 0
-260 -261 0
-260 -262 0
-260 -263 0
-260 -264 0
-260 -265 0
-260 -266 0
-260 -267 0
-260 -268 0
-260 -269 0
-260 -270 0
-261 -262 0
-261 -263 0
-261 -264 0
-261 -265 0
-261 -266 0
-261 -267 0
-261 -268 0
-261 -269 0
-261 -270 0
-262 -263 0
-262 -264 0
-262 -265 0
-262 -266 0
-262 -267 0
-262 -268 0
-262 -269 0
-262 -270 0
-263 -264 0
-263 -265 0
-263 -266 0
-263 -267 0
-263 -268 0
-263 -269 0
-263 -270 0
-264 -265 0
-264 -266 0
-264 -267 0
-264 -268 0
-264 -269 0
-264 -270 0
-265 -266 0
-265 -267 0
-265 -268 0
-265 -269 0
-265 -270 0
-266 -267 0
-266 -268 0
-266 -269 0
-266 -270 0
-267 -268 0
-267 -269 0
-267 -270 0
-268 -269 0
-268 -270 0
-269 -270 0
-256 -331 0
-257 -332 0
-258 -333 0
-259 -334 0
-260 -335 0
-261 -336 0
-262 -337 0
-263 -338 0
-264 -339 0
-265 -340 0
-266 -341 0
-267 -342 0
-268 -343 0
-269 -344 0
-270 -345 0
-256 -211 0
-257 -212 0
-258 -213 0
-259 -214 0
-260 -215 0
-261 -216 0
-262 -217 0
-263 -218 0
-264 -219 0
-265 -220 0
-266 -221 0
-267 -222 0
-268 -223 0
-269 -224 0
-270 -225 0
-256 -241 0
-257 -242 0
-258 -243 0
-259 -244 0
-260 -245 0
-261 -246 0
-262 -247 0
-263 -248 0
-264 -249 0
-265 -250 0
-266 -251 0
-267 -252 0
-268 -253 0
-269 -254 0
-270 -255 0
285 284 283 282 281 280 279 278 277 276 275 274 273 272 271 0
-271 -272 0
-271 -273 0
-271 -274 0
-271 -275 0
-271 -276 0
-271 -277 0
-271 -278 0
-271 -279 0
-271 -280 0
-271 -281 0
-271 -282 0
-271 -283 0
-271 -284 0
-271 -285 0
-272 -273 0
-272 -274 0
-272 -275 0
-272 -276 0
-272 -277 0
-272 -278 0
-272 -279 0
-272 -280 0
-272 -281 0
-272 -282 0
-272 -283 0
-272 -284 0
-272 -285 0
-273 -274 0
-273 -275 0
-273 -276 0
-273 -277 0
-273 -278 0
-273 -279 0
-273 -280 0
-273 -281 0
-273 -282 0
-273 -283 0
-273 -284 0
-273 -285 0
-274 -275 0
-274 -276 0
-274 -277 0
-274 -278 0
-274 -279 0
-274 -280 0
-274 -281 0
-274 -282 0
-274 -283 0
-274 -284 0
-274 -285 0
-275 -276 0
-275 -277 0
-275 -278 0
-275 -279 0
-275 -280 0
-275 -281 0
-275 -282 0
-275 -283 0
-275 -284 0
-275 -285 0
-276 -277 0
-276 -278 0
-276 -279 0
-276 -280 0
-276 -281 0
-276 -282 0
-276 -283 0
-276 -284 0
-276 -285 0
-277 -278 0
-277 -279 0
-277 -280 0
-277 -281 0
-277 -282 0
-277 -283 0
-277 -284 0
-277 -285 0
-278 -279 0
-278 -280 0
-278 -281 0
-278 -282 0
-278 -283 0
-278 -284 0
-278 -285 0
-279 -280 0
-279 -281 0
-279 -282 0
-279 -283 0
-279 -284 0
-279 -285 0
-280 -281 0
-280 -282 0
-280 -283 0
-280 -284 0
-280 -285 0
-281 -282 0
-281 -283 0
-281 -284 0
-281 -285 0
-282 -283 0
-282 -284 0
-282 -285 0
-283 -284 0
-283 -285 0
-284 -285 0
-271 -436 0
-272 -437 0
-273 -438 0
-274 -439 0
-275 -440 0
-276 -441 0
-277 -442 0
-278 -443 0
-279 -444 0
-280 -445 0
-281 -446 0
-282 -447 0
-283 -448 0
-284 -449 0
-285 -450 0
-271 -361 0
-272 -362 0
-273 -363 0
-274 -364 0
-275 -365 0
-276 -366 0
-277 -367 0
-278 -368 0
-279 -369 0
-280 -370 0
-281 -371 0
-282 -372 0
-283 -373 0
-284 -374 0
-285 -375 0
-271 -106 0
-272 -107 0
-273 -108 0
-274 -109 0
-275 -110 0
-276 -111 0
-277 -112 0
-278 -113 0
-279 -114 0
-280 -115 0
-281 -116 0
-282 -117 0
-283 -118 0
-284 -119 0
-285 -120 0
-271 -181 0
-272 -182 0
-273 -183 0
-274 -184 0
-275 -185 0
-276 -186 0
-277 -187 0
-278 -188 0
-279 -189 0
-280 -190 0
-281 -191 0
-282 -192 0
-283 -193 0
-284 -194 0
-285 -195 0
-271 -331 0
-272 -332 0
-273 -333 0
-274 -334 0
-275 -335 0
-276 -336 0
-277 -337 0
-278 -338 0
-279 -339 0
-280 -340 0
-281 -341 0
-282 -342 0
-283 -343 0
-284 -344 0
-285 -345 0
-271 -286 0
-272 -287 0
-273 -288 0
-274 -289 0
-275 -290 0
-276 -291 0
-277 -292 0
-278 -293 0
-279 -294 0
-280 -295 0
-281 -296 0
-282 -297 0
-283 -298 0
-284 -299 0
-285 -300 0
-271 -226 0
-272 -227 0
-273 -228 0
-274 -229 0
-275 -230 0
-276 -231 0
-277 -232 0
-278 -233 0
-279 -234 0
-280 -235 0
-281 -236 0
-282 -237 0
-283 -238 0
-284 -239 0
-285 -240 0
300 299 298 297 296 295 294 293 292 291 290 289 288 287 286 0
-286 -287 0
-286 -288 0
-286 -289 0
-286 -290 0
-286 -291 0
-286 -292 0
-286 -293 0
-286 -294 0
-286 -295 0
-286 -296 0
-286 -297 0
-286 -298 0
-286 -299 0
-286 -300 0
-287 -288 0
-287 -289 0
-287 -290 0
-287 -291 0
-287 -292 0
-287 -293 0
-287 -294 0
-287 -295 0
-287 -296 0
-287 -297 0
-287 -298 0
-287 -299 0
-287 -300 0
-288 -289 0
-288 -290 0
-288 -291 0
-288 -292 0
-288 -293 0
-288 -294 0
-288 -295 0
-288 -296 0
-288 -297 0
-288 -298 0
-288 -299 0
-288 -300 0
-289 -290 0
-289 -291 0
-289 -292 0
-289 -293 0
-289 -294 0
-289 -295 0
-289 -296 0
-289 -297 0
-289 -298 0
-289 -299 0
-289 -300 0
-290 -291 0
-290 -292 0
-290 -293 0
-290 -294 0
-290 -295 0
-290 -296 0
-290 -297 0
-290 -298 0
-290 -299 0
-290 -300 0
-291 -292 0
-291 -293 0
-291 -294 0
-291 -295 0
-291 -296 0
-291 -297 0
-291 -298 0
-291 -299 0
-291 -300 0
-292 -293 0
-292 -294 0
-292 -295 0
-292 -296 0
-292 -297 0
-292 -298 0
-292 -299 0
-292 -300 0
-293 -294 0
-293 -295 0
-293 -296 0
-293 -297 0
-293 -298 0
-293 -299 0
-293 -300 0
-294 -295 0
-294 -296 0
-294 -297 0
-294 -298 0
-294 -299 0
-294 -300 0
-295 -296 0
-295 -297 0
-295 -298 0
-295 -299 0
-295 -300 0
-296 -297 0
-296 -298 0
-296 -299 0
-296 -300 0
-297 -298 0
-297 -299 0
-297 -300 0
-298 -299 0
-298 -300 0
-299 -300 0
-286 -331 0
-287 -332 0
-288 -333 0
-289 -334 0
-290 -335 0
-291 -336 0
-292 -337 0
-293 -338 0
-294 -339 0
-295 -340 0
-296 -341 0
-297 -342 0
-298 -343 0
-299 -344 0
-300 -345 0
-286 -301 0
-287 -302 0
-288 -303 0
-289 -304 0
-290 -305 0
-291 -306 0
-292 -307 0
-293 -308 0
-294 -309 0
-295 -310 0
-296 -311 0
-297 -312 0
-298 -313 0
-299 -314 0
-300 -315 0
-286 -151 0
-287 -152 0
-288 -153 0
-289 -154 0
-290 -155 0
-291 -156 0
-292 -157 0
-293 -158 0
-294 -159 0
-295 -160 0
-296 -161 0
-297 -162 0
-298 -163 0
-299 -164 0
-300 -165 0
-286 -361 0
-287 -362 0
-288 -363 0
-289 -364 0
-290 -365 0
-291 -366 0
-292 -367 0
-293 -368 0
-294 -369 0
-295 -370 0
-296 -371 0
-297 -372 0
-298 -373 0
-299 -374 0
-300 -375 0
-286 -136 0
-287 -137 0
-288 -138 0
-289 -139 0
-290 -140 0
-291 -141 0
-292 -142 0
-293 -143 0
-294 -144 0
-295 -145 0
-296 -146 0
-297 -147 0
-298 -148 0
-299 -149 0
-300 -150 0
315 314 313 312 311 310 309 308 307 306 305 304 303 302 301 0
-301 -302 0
-301 -303 0
-301 -304 0
-301 -305 0
-301 -306 0
-301 -307 0
-301 -308 0
-301 -309 0
-301 -310 0
-301 -311 0
-301 -312 0
-301 -313 0
-301 -314 0
-301 -315 0
-302 -303 0
-302 -304 0
-302 -305 0
-302 -306 0
-302 -307 0
-302 -308 0
-302 -309 0
-302 -310 0
-302 -311 0
-302 -312 0
-302 -313 0
-302 -314 0
-302 -315 0
-303 -304 0
-303 -305 0
-303 -306 0
-303 -307 0
-303 -308 0
-303 -309 0
-303 -310 0
-303 -311 0
-303 -312 0
-303 -313 0
-303 -314 0
-303 -315 0
-304 -305 0
-304 -306 0
-304 -307 0
-304 -308 0
-304 -309 0
-304 -310 0
-304 -311 0
-304 -312 0
-304 -313 0
-304 -314 0
-304 -315 0
-305 -306 0
-305 -307 0
-305 -308 0
-305 -309 0
-305 -310 0
-305 -311 0
-305 -312 0
-305 -313 0
-305 -314 0
-305 -315 0
-306 -307 0
-306 -308 0
-306 -309 0
-306 -310 0
-306 -311 0
-306 -312 0
-306 -313 0
-306 -314 0
-306 -315 0
-307 -308 0
-307 -309 0
-307 -310 0
-307 -311 0
-307 -312 0
-307 -313 0
-307 -314 0
-307 -315 0
-308 -309 0
-308 -310 0
-308 -311 0
-308 -312 0
-308 -313 0
-308 -314 0
-308 -315 0
-309 -310 0
-309 -311 0
-309 -312 0
-309 -313 0
-309 -314 0
-309 -315 0
-310 -311 0
-310 -312 0
-310 -313 0
-310 -314 0
-310 -315 0
-311 -312 0
-311 -313 0
-311 -314 0
-311 -315 0
-312 -313 0
-312 -314 0
-312 -315 0
-313 -314 0
-313 -315 0
-314 -315 0
-301 -16 0
-302 -17 0
-303 -18 0
-304 -19 0
-305 -20 0
-306 -21 0
-307 -22 0
-308 -23 0
-309 -24 0
-310 -25 0
-311 -26 0
-312 -27 0
-313 -28 0
-314 -29 0
-315 -30 0
-301 -136 0
-302 -137 0
-303 -138 0
-304 -139 0
-305 -140 0
-306 -141 0
-307 -142 0
-308 -143 0
-309 -144 0
-310 -145 0
-311 -146 0
-312 -147 0
-313 -148 0
-314 -149 0
-315 -150 0
-301 -46 0
-302 -47 0
-303 -48 0
-304 -49 0
-305 -50 0
-306 -51 0
-307 -52 0
-308 -53 0
-309 -54 0
-310 -55 0
-311 -56 0
-312 -57 0
-313 -58 0
-314 -59 0
-315 -60 0
-301 -346 0
-302 -347 0
-303 -348 0
-304 -349 0
-305 -350 0
-306 -351 0
-307 -352 0
-308 -353 0
-309 -354 0
-310 -355 0
-311 -356 0
-312 -357 0
-313 -358 0
-314 -359 0
-315 -360 0
330 329 328 327 326 325 324 323 322 321 320 319 318 317 316 0
-316 -317 0
-316 -318 0
-316 -319 0
-316 -320 0
-316 -321 0
-316 -322 0
-316 -323 0
-316 -324 0
-316 -325 0
-316 -326 0
-316 -327 0
-316 -328 0
-316 -329 0
-316 -330 0
-317 -318 0
-317 -319 0
-317 -320 0
-317 -321 0
-317 -322 0
-317 -323 0
-317 -324 0
-317 -325 0
-317 -326 0
-317 -327 0
-317 -328 0
-317 -329 0
-317 -330 0
-318 -319 0
-318 -320 0
-318 -321 0
-318 -322 0
-318 -323 0
-318 -324 0
-318 -325 0
-318 -326 0
-318 -327 0
-318 -328 0
-318 -329 0
-318 -330 0
-319 -320 0
-319 -321 0
-319 -322 0
-319 -323 0
-319 -324 0
-319 -325 0
-319 -326 0
-319 -327 0
-319 -328 0
-319 -329 0
-319 -330 0
-320 -321 0
-320 -322 0
-320 -323 0
-320 -324 0
-320 -325 0
-320 -326 0
-320 -327 0
-320 -328 0
-320 -329 0
-320 -330 0
-321 -322 0
-321 -323 0
-321 -324 0
-321 -325 0
-321 -326 0
-321 -327 0
-321 -328 0
-321 -329 0
-321 -330 0
-322 -323 0
-322 -324 0
-322 -325 0
-322 -326 0
-322 -327 0
-322 -328 0
-322 -329 0
-322 -330 0
-323 -324 0
-323 -325 0
-323 -326 0
-323 -327 0
-323 -328 0
-323 -329 0
-323 -330 0
-324 -325 0
-324 -326 0
-324 -327 0
-324 -328 0
-324 -329 0
-324 -330 0
-325 -326 0
-325 -327 0
-325 -328 0
-325 -329 0
-325 -330 0
-326 -327 0
-326 -328 0
-326 -329 0
-326 -330 0
-327 -328 0
-327 -329 0
-327 -330 0
-328 -329 0
-328 -330 0
-329 -330 0
-316 -46 0
-317 -47 0
-318 -48 0
-319 -49 0
-320 -50 0
-321 -51 0
-322 -52 0
-323 -53 0
-324 -54 0
-325 -55 0
-326 -56 0
-327 -57 0
-328 -58 0
-329 -59 0
-330 -60 0
-316 -226 0
-317 -227 0
-318 -228 0
-319 -229 0
-320 -230 0
-321 -231 0
-322 -232 0
-323 -233 0
-324 -234 0
-325 -235 0
-326 -236 0
-327 -237 0
-328 -238 0
-329 -239 0
-330 -240 0
-316 -211 0
-317 -212 0
-318 -213 0
-319 -214 0
-320 -215 0
-321 -216 0
-322 -217 0
-323 -218 0
-324 -219 0
-325 -220 0
-326 -221 0
-327 -222 0
-328 -223 0
-329 -224 0
-330 -225 0
-316 -181 0
-317 -182 0
-318 -183 0
-319 -184 0
-320 -185 0
-321 -186 0
-322 -187 0
-323 -188 0
-324 -189 0
-325 -190 0
-326 -191 0
-327 -192 0
-328 -193 0
-329 -194 0
-330 -195 0
-316 -166 0
-317 -167 0
-318 -168 0
-319 -169 0
-320 -170 0
-321 -171 0
-322 -172 0
-323 -173 0
-324 -174 0
-325 -175 0
-326 -176 0
-327 -177 0
-328 -178 0
-329 -179 0
-330 -180 0
345 344 343 342 341 340 339 338 337 336 335 334 333 332 331 0
-331 -332 0
-331 -333 0
-331 -334 0
-331 -335 0
-331 -336 0
-331 -337 0
-331 -338 0
-331 -339 0
-331 -340 0
-331 -341 0
-331 -342 0
-331 -343 0
-331 -344 0
-331 -345 0
-332 -333 0
-332 -334 0
-332 -335 0
-332 -336 0
-332 -337 0
-332 -338 0
-332 -339 0
-332 -340 0
-332 -341 0
-332 -342 0
-332 -343 0
-332 -344 0
-332 -345 0
-333 -334 0
-333 -335 0
-333 -336 0
-333 -337 0
-333 -338 0
-333 -339 0
-333 -340 0
-333 -341 0
-333 -342 0
-333 -343 0
-333 -344 0
-333 -345 0
-334 -335 0
-334 -336 0
-334 -337 0
-334 -338 0
-334 -339 0
-334 -340 0
-334 -341 0
-334 -342 0
-334 -343 0
-334 -344 0
-334 -345 0
-335 -336 0
-335 -337 0
-335 -338 0
-335 -339 0
-335 -340 0
-335 -341 0
-335 -342 0
-335 -343 0
-335 -344 0
-335 -345 0
-336 -337 0
-336 -338 0
-336 -339 0
-336 -340 0
-336 -341 0
-336 -342 0
-336 -343 0
-336 -344 0
-336 -345 0
-337 -338 0
-337 -339 0
-337 -340 0
-337 -341 0
-337 -342 0
-337 -343 0
-337 -344 0
-337 -345 0
-338 -339 0
-338 -340 0
-338 -341 0
-338 -342 0
-338 -343 0
-338 -344 0
-338 -345 0
-339 -340 0
-339 -341 0
-339 -342 0
-339 -343 0
-339 -344 0
-339 -345 0
-340 -341 0
-340 -342 0
-340 -343 0
-340 -344 0
-340 -345 0
-341 -342 0
-341 -343 0
-341 -344 0
-341 -345 0
-342 -343 0
-342 -344 0
-342 -345 0
-343 -344 0
-343 -345 0
-344 -345 0
-331 -286 0
-332 -287 0
-333 -288 0
-334 -289 0
-335 -290 0
-336 -291 0
-337 -292 0
-338 -293 0
-339 -294 0
-340 -295 0
-341 -296 0
-342 -297 0
-343 -298 0
-344 -299 0
-345 -300 0
-331 -346 0
-332 -347 0
-333 -348 0
-334 -349 0
-335 -350 0
-336 -351 0
-337 -352 0
-338 -353 0
-339 -354 0
-340 -355 0
-341 -356 0
-342 -357 0
-343 -358 0
-344 -359 0
-345 -360 0
-331 -106 0
-332 -107 0
-333 -108 0
-334 -109 0
-335 -110 0
-336 -111 0
-337 -112 0
-338 -113 0
-339 -114 0
-340 -115 0
-341 -116 0
-342 -117 0
-343 -118 0
-344 -119 0
-345 -120 0
360 359 358 357 356 355 354 353 352 351 350 349 348 347 346 0
-346 -347 0
-346 -348 0
-346 -349 0
-346 -350 0
-346 -351 0
-346 -352 0
-346 -353 0
-346 -354 0
-346 -355 0
-346 -356 0
-346 -357 0
-346 -358 0
-346 -359 0
-346 -360 0
-347 -348 0
-347 -349 0
-347 -350 0
-347 -351 0
-347 -352 0
-347 -353 0
-347 -354 0
-347 -355 0
-347 -356 0
-347 -357 0
-347 -358 0
-347 -359 0
-347 -360 0
-348 -349 0
-348 -350 0
-348 -351 0
-348 -352 0
-348 -353 0
-348 -354 0
-348 -355 0
-348 -356 0
-348 -357 0
-348 -358 0
-348 -359 0
-348 -360 0
-349 -350 0
-349 -351 0
-349 -352 0
-349 -353 0
-349 -354 0
-349 -355 0
-349 -356 0
-349 -357 0
-349 -358 0
-349 -359 0
-349 -360 0
-350 -351 0
-350 -352 0
-350 -353 0
-350 -354 0
-350 -355 0
-350 -356 0
-350 -357 0
-350 -358 0
-350 -359 0
-350 -360 0
-351 -352 0
-351 -353 0
-351 -354 0
-351 -355 0
-351 -356 0
-351 -357 0
-351 -358 0
-351 -359 0
-351 -360 0
-352 -353 0
-352 -354 0
-352 -355 0
-352 -356 0
-352 -357 0
-352 -358 0
-352 -359 0
-352 -360 0
-353 -354 0
-353 -355 0
-353 -356 0
-353 -357 0
-353 -358 0
-353 -359 0
-353 -360 0
-354 -355 0
-354 -356 0
-354 -357 0
-354 -358 0
-354 -359 0
-354 -360 0
-355 -356 0
-355 -357 0
-355 -358 0
-355 -359 0
-355 -360 0
-356 -357 0
-356 -358 0
-356 -359 0
-356 -360 0
-357 -358 0
-357 -359 0
-357 -360 0
-358 -359 0
-358 -360 0
-359 -360 0
-346 -196 0
-347 -197 0
-348 -198 0
-349 -199 0
-350 -200 0
-351 -201 0
-352 -202 0
-353 -203 0
-354 -204 0
-355 -205 0
-356 -206 0
-357 -207 0
-358 -208 0
-359 -209 0
-360 -210 0
-346 -151 0
-347 -152 0
-348 -153 0
-349 -154 0
-350 -155 0
-351 -156 0
-352 -157 0
-353 -158 0
-354 -159 0
-355 -160 0
-356 -161 0
-357 -162 0
-358 -163 0
-359 -164 0
-360 -165 0
-346 -421 0
-347 -422 0
-348 -423 0
-349 -424 0
-350 -425 0
-351 -426 0
-352 -427 0
-353 -428 0
-354 -429 0
-355 -430 0
-356 -431 0
-357 -432 0
-358 -433 0
-359 -434 0
-360 -435 0
375 374 373 372 371 370 369 368 367 366 365 364 363 362 361 0
-361 -362 0
-361 -363 0
-361 -364 0
-361 -365 0
-361 -366 0
-361 -367 0
-361 -368 0
-361 -369 0
-361 -370 0
-361 -371 0
-361 -372 0
-361 -373 0
-361 -374 0
-361 -375 0
-362 -363 0
-362 -364 0
-362 -365 0
-362 -366 0
-362 -367 0
-362 -368 0
-362 -369 0
-362 -370 0
-362 -371 0
-362 -372 0
-362 -373 0
-362 -374 0
-362 -375 0
-363 -364 0
-363 -365 0
-363 -366 0
-363 -367 0
-363 -368 0
-363 -369 0
-363 -370 0
-363 -371 0
-363 -372 0
-363 -373 0
-363 -374 0
-363 -375 0
-364 -365 0
-364 -366 0
-364 -367 0
-364 -368 0
-364 -369 0
-364 -370 0
-364 -371 0
-364 -372 0
-364 -373 0
-364 -374 0
-364 -375 0
-365 -366 0
-365 -367 0
-365 -368 0
-365 -369 0
-365 -370 0
-365 -371 0
-365 -372 0
-365 -373 0
-365 -374 0
-365 -375 0
-366 -367 0
-366 -368 0
-366 -369 0
-366 -370 0
-366 -371 0
-366 -372 0
-366 -373 0
-366 -374 0
-366 -375 0
-367 -368 0
-367 -369 0
-367 -370 0
-367 -371 0
-367 -372 0
-367 -373 0
-367 -374 0
-367 -375 0
-368 -369 0
-368 -370 0
-368 -371 0
-368 -372 0
-368 -373 0
-368 -374 0
-368 -375 0
-369 -370 0
-369 -371 0
-369 -372 0
-369 -373 0
-369 -374 0
-369 -375 0
-370 -371 0
-370 -372 0
-370 -373 0
-370 -374 0
-370 -375 0
-371 -372 0
-371 -373 0
-371 -374 0
-371 -375 0
-372 -373 0
-372 -374 0
-372 -375 0
-373 -374 0
-373 -375 0
-374 -375 0
-361 -136 0
-362 -137 0
-363 -138 0
-364 -139 0
-365 -140 0
-366 -141 0
-367 -142 0
-368 -143 0
-369 -144 0
-370 -145 0
-371 -146 0
-372 -147 0
-373 -148 0
-374 -149 0
-375 -150 0
-361 -76 0
-362 -77 0
-363 -78 0
-364 -79 0
-365 -80 0
-366 -81 0
-367 -82 0
-368 -83 0
-369 -84 0
-370 -85 0
-371 -86 0
-372 -87 0
-373 -88 0
-374 -89 0
-375 -90 0
-361 -406 0
-362 -407 0
-363 -408 0
-364 -409 0
-365 -410 0
-366 -411 0
-367 -412 0
-368 -413 0
-369 -414 0
-370 -415 0
-371 -416 0
-372 -417 0
-373 -418 0
-374 -419 0
-375 -420 0
-361 -151 0
-362 -152 0
-363 -153 0
-364 -154 0
-365 -155 0
-366 -156 0
-367 -157 0
-368 -158 0
-369 -159 0
-370 -160 0
-371 -161 0
-372 -162 0
-373 -163 0
-374 -164 0
-375 -165 0
-361 -121 0
-362 -122 0
-363 -123 0
-364 -124 0
-365 -125 0
-366 -126 0
-367 -127 0
-368 -128 0
-369 -129 0
-370 -130 0
-371 -131 0
-372 -132 0
-373 -133 0
-374 -134 0
-375 -135 0
390 389 388 387 386 385 384 383 382 381 380 379 378 377 376 0
-376 -377 0
-376 -378 0
-376 -379 0
-376 -380 0
-376 -381 0
-376 -382 0
-376 -383 0
-376 -384 0
-376 -385 0
-376 -386 0
-376 -387 0
-376 -388 0
-376 -389 0
-376 -390 0
-377 -378 0
-377 -379 0
-377 -380 0
-377 -381 0
-377 -382 0
-377 -383 0
-377 -384 0
-377 -385 0
-377 -386 0
-377 -387 0
-377 -388 0
-377 -389 0
-377 -390 0
-378 -379 0
-378 -380 0
-378 -381 0
-378 -382 0
-378 -383 0
-378 -384 0
-378 -385 0
-378 -386 0
-378 -387 0
-378 -388 0
-378 -389 0
-378 -390 0
-379 -380 0
-379 -381 0
-379 -382 0
-379 -383 0
-379 -384 0
-379 -385 0
-379 -386 0
-379 -387 0
-379 -388 0
-379 -389 0
-379 -390 0
-380 -381 0
-380 -382 0
-380 -383 0
-380 -384 0
-380 -385 0
-380 -386 0
-380 -387 0
-380 -388 0
-380 -389 0
-380 -390 0
-381 -382 0
-381 -383 0
-381 -384 0
-381 -385 0
-381 -386 0
-381 -387 0
-381 -388 0
-381 -389 0
-381 -390 0
-382 -383 0
-382 -384 0
-382 -385 0
-382 -386 0
-382 -387 0
-382 -388 0
-382 -389 0
-382 -390 0
-383 -384 0
-383 -385 0
-383 -386 0
-383 -387 0
-383 -388 0
-383 -389 0
-383 -390 0
-384 -385 0
-384 -386 0
-384 -387 0
-384 -388 0
-384 -389 0
-384 -390 0
-385 -386 0
-385 -387 0
-385 -388 0
-385 -389 0
-385 -390 0
-386 -387 0
-386 -388 0
-386 -389 0
-386 -390 0
-387 -388 0
-387 -389 0
-387 -390 0
-388 -389 0
-388 -390 0
-389 -390 0
-376 -361 0
-377 -362 0
-378 -363 0
-379 -364 0
-380 -365 0
-381 -366 0
-382 -367 0
-383 -368 0
-384 -369 0
-385 -370 0
-386 -371 0
-387 -372 0
-388 -373 0
-389 -374 0
-390 -375 0
-376 -181 0
-377 -182 0
-378 -183 0
-379 -184 0
-380 -185 0
-381 -186 0
-382 -187 0
-383 -188 0
-384 -189 0
-385 -190 0
-386 -191 0
-387 -192 0
-388 -193 0
-389 -194 0
-390 -195 0
-376 -76 0
-377 -77 0
-378 -78 0
-379 -79 0
-380 -80 0
-381 -81 0
-382 -82 0
-383 -83 0
-384 -84 0
-385 -85 0
-386 -86 0
-387 -87 0
-388 -88 0
-389 -89 0
-390 -90 0
-376 -286 0
-377 -287 0
-378 -288 0
-379 -289 0
-380 -290 0
-381 -291 0
-382 -292 0
-383 -293 0
-384 -294 0
-385 -295 0
-386 -296 0
-387 -297 0
-388 -298 0
-389 -299 0
-390 -300 0
-376 -136 0
-377 -137 0
-378 -138 0
-379 -139 0
-380 -140 0
-381 -141 0
-382 -142 0
-383 -143 0
-384 -144 0
-385 -145 0
-386 -146 0
-387 -147 0
-388 -148 0
-389 -149 0
-390 -150 0
-376 -406 0
-377 -407 0
-378 -408 0
-379 -409 0
-380 -410 0
-381 -411 0
-382 -412 0
-383 -413 0
-384 -414 0
-385 -415 0
-386 -416 0
-387 -417 0
-388 -418 0
-389 -419 0
-390 -420 0
-376 -166 0
-377 -167 0
-378 -168 0
-379 -169 0
-380 -170 0
-381 -171 0
-382 -172 0
-383 -173 0
-384 -174 0
-385 -175 0
-386 -176 0
-387 -177 0
-388 -178 0
-389 -179 0
-390 -180 0
-376 -181 0
-377 -182 0
-378 -183 0
-379 -184 0
-380 -185 0
-381 -186 0
-382 -187 0
-383 -188 0
-384 -189 0
-385 -190 0
-386 -191 0
-387 -192 0
-388 -193 0
-389 -194 0
-390 -195 0
-376 -436 0
-377 -437 0
-378 -438 0
-379 -439 0
-380 -440 0
-381 -441 0
-382 -442 0
-383 -443 0
-384 -444 0
-385 -445 0
-386 -446 0
-387 -447 0
-388 -448 0
-389 -449 0
-390 -450 0
405 404 403 402 401 400 399 398 397 396 395 394 393 392 391 0
-391 -392 0
-391 -393 0
-391 -394 0
-391 -395 0
-391 -396 0
-391 -397 0
-391 -398 0
-391 -399 0
-391 -400 0
-391 -401 0
-391 -402 0
-391 -403 0
-391 -404 0
-391 -405 0
-392 -393 0
-392 -394 0
-392 -395 0
-392 -396 0
-392 -397 0
-392 -398 0
-392 -399 0
-392 -400 0
-392 -401 0
-392 -402 0
-392 -403 0
-392 -404 0
-392 -405 0
-393 -394 0
-393 -395 0
-393 -396 0
-393 -397 0
-393 -398 0
-393 -399 0
-393 -400 0
-393 -401 0
-393 -402 0
-393 -403 0
-393 -404 0
-393 -405 0
-394 -395 0
-394 -396 0
-394 -397 0
-394 -398 0
-394 -399 0
-394 -400 0
-394 -401 0
-394 -402 0
-394 -403 0
-394 -404 0
-394 -405 0
-395 -396 0
-395 -397 0
-395 -398 0
-395 -399 0
-395 -400 0
-395 -401 0
-395 -402 0
-395 -403 0
-395 -404 0
-395 -405 0
-396 -397 0
-396 -398 0
-396 -399 0
-396 -400 0
-396 -401 0
-396 -402 0
-396 -403 0
-396 -404 0
-396 -405 0
-397 -398 0
-397 -399 0
-397 -400 0
-397 -401 0
-397 -402 0
-397 -403 0
-397 -404 0
-397 -405 0
-398 -399 0
-398 -400 0
-398 -401 0
-398 -402 0
-398 -403 0
-398 -404 0
-398 -405 0
-399 -400 0
-399 -401 0
-399 -402 0
-399 -403 0
-399 -404 0
-399 -405 0
-400 -401 0
-400 -402 0
-400 -403 0
-400 -404 0
-400 -405 0
-401 -402 0
-401 -403 0
-401 -404 0
-401 -405 0
-402 -403 0
-402 -404 0
-402 -405 0
-403 -404 0
-403 -405 0
-404 -405 0
-391 -346 0
-392 -347 0
-393 -348 0
-394 -349 0
-395 -350 0
-396 -351 0
-397 -352 0
-398 -353 0
-399 -354 0
-400 -355 0
-401 -356 0
-402 -357 0
-403 -358 0
-404 -359 0
-405 -360 0
-391 -91 0
-392 -92 0
-393 -93 0
-394 -94 0
-395 -95 0
-396 -96 0
-397 -97 0
-398 -98 0
-399 -99 0
-400 -100 0
-401 -101 0
-402 -102 0
-403 -103 0
-404 -104 0
-405 -105 0
-391 -91 0
-392 -92 0
-393 -93 0
-394 -94 0
-395 -95 0
-396 -96 0
-397 -97 0
-398 -98 0
-399 -99 0
-400 -100 0
-401 -101 0
-402 -102 0
-403 -103 0
-404 -104 0
-405 -105 0
-391 -106 0
-392 -107 0
-393 -108 0
-394 -109 0
-395 -110 0
-396 -111 0
-397 -112 0
-398 -113 0
-399 -114 0
-400 -115 0
-401 -116 0
-402 -117 0
-403 -118 0
-404 -119 0
-405 -120 0
-391 -166 0
-392 -167 0
-393 -168 0
-394 -169 0
-395 -170 0
-396 -171 0
-397 -172 0
-398 -173 0
-399 -174 0
-400 -175 0
-401 -176 0
-402 -177 0
-403 -178 0
-404 -179 0
-405 -180 0
-391 -436 0
-392 -437 0
-393 -438 0
-394 -439 0
-395 -440 0
-396 -441 0
-397 -442 0
-398 -443 0
-399 -444 0
-400 -445 0
-401 -446 0
-402 -447 0
-403 -448 0
-404 -449 0
-405 -450 0
-391 -91 0
-392 -92 0
-393 -93 0
-394 -94 0
-395 -95 0
-396 -96 0
-397 -97 0
-398 -98 0
-399 -99 0
-400 -100 0
-401 -101 0
-402 -102 0
-403 -103 0
-404 -104 0
-405 -105 0
420 419 418 417 416 415 414 413 412 411 410 409 408 407 406 0
-406 -407 0
-406 -408 0
-406 -409 0
-406 -410 0
-406 -411 0
-406 -412 0
-406 -413 0
-406 -414 0
-406 -415 0
-406 -416 0
-406 -417 0
-406 -418 0
-406 -419 0
-406 -420 0
-407 -408 0
-407 -409 0
-407 -410 0
-407 -411 0
-407 -412 0
-407 -413 0
-407 -414 0
-407 -415 0
-407 -416 0
-407 -417 0
-407 -418 0
-407 -419 0
-407 -420 0
-408 -409 0
-408 -410 0
-408 -411 0
-408 -412 0
-408 -413 0
-408 -414 0
-408 -415 0
-408 -416 0
-408 -417 0
-408 -418 0
-408 -419 0
-408 -420 0
-409 -410 0
-409 -411 0
-409 -412 0
-409 -413 0
-409 -414 0
-409 -415 0
-409 -416 0
-409 -417 0
-409 -418 0
-409 -419 0
-409 -420 0
-410 -411 0
-410 -412 0
-410 -413 0
-410 -414 0
-410 -415 0
-410 -416 0
-410 -417 0
-410 -418 0
-410 -419 0
-410 -420 0
-411 -412 0
-411 -413 0
-411 -414 0
-411 -415 0
-411 -416 0
-411 -417 0
-411 -418 0
-411 -419 0
-411 -420 0
-412 -413 0
-412 -414 0
-412 -415 0
-412 -416 0
-412 -417 0
-412 -418 0
-412 -419 0
-412 -420 0
-413 -414 0
-413 -415 0
-413 -416 0
-413 -417 0
-413 -418 0
-413 -419 0
-413 -420 0
-414 -415 0
-414 -416 0
-414 -417 0
-414 -418 0
-414 -419 0
-414 -420 0
-415 -416 0
-415 -417 0
-415 -418 0
-415 -419 0
-415 -420 0
-416 -417 0
-416 -418 0
-416 -419 0
-416 -420 0
-417 -418 0
-417 -419 0
-417 -420 0
-418 -419 0
-418 -420 0
-419 -420 0
-406 -286 0
-407 -287 0
-408 -288 0
-409 -289 0
-410 -290 0
-411 -291 0
-412 -292 0
-413 -293 0
-414 -294 0
-415 -295 0
-416 -296 0
-417 -297 0
-418 -298 0
-419 -299 0
-420 -300 0
-406 -391 0
-407 -392 0
-408 -393 0
-409 -394 0
-410 -395 0
-411 -396 0
-412 -397 0
-413 -398 0
-414 -399 0
-415 -400 0
-416 -401 0
-417 -402 0
-418 -403 0
-419 -404 0
-420 -405 0
-406 -361 0
-407 -362 0
-408 -363 0
-409 -364 0
-410 -365 0
-411 -366 0
-412 -367 0
-413 -368 0
-414 -369 0
-415 -370 0
-416 -371 0
-417 -372 0
-418 -373 0
-419 -374 0
-420 -375 0
435 434 433 432 431 430 429 428 427 426 425 424 423 422 421 0
-421 -422 0
-421 -423 0
-421 -424 0
-421 -425 0
-421 -426 0
-421 -427 0
-421 -428 0
-421 -429 0
-421 -430 0
-421 -431 0
-421 -432 0
-421 -433 0
-421 -434 0
-421 -435 0
-422 -423 0
-422 -424 0
-422 -425 0
-422 -426 0
-422 -427 0
-422 -428 0
-422 -429 0
-422 -430 0
-422 -431 0
-422 -432 0
-422 -433 0
-422 -434 0
-422 -435 0
-423 -424 0
-423 -425 0
-423 -426 0
-423 -427 0
-423 -428 0
-423 -429 0
-423 -430 0
-423 -431 0
-423 -432 0
-423 -433 0
-423 -434 0
-423 -435 0
-424 -425 0
-424 -426 0
-424 -427 0
-424 -428 0
-424 -429 0
-424 -430 0
-424 -431 0
-424 -432 0
-424 -433 0
-424 -434 0
-424 -435 0
-425 -426 0
-425 -427 0
-425 -428 0
-425 -429 0
-425 -430 0
-425 -431 0
-425 -432 0
-425 -433 0
-425 -434 0
-425 -435 0
-426 -427 0
-426 -428 0
-426 -429 0
-426 -430 0
-426 -431 0
-426 -432 0
-426 -433 0
-426 -434 0
-426 -435 0
-427 -428 0
-427 -429 0
-427 -430 0
-427 -431 0
-427 -432 0
-427 -433 0
-427 -434 0
-427 -435 0
-428 -429 0
-428 -430 0
-428 -431 0
-428 -432 0
-428 -433 0
-428 -434 0
-428 -435 0
-429 -430 0
-429 -431 0
-429 -432 0
-429 -433 0
-429 -434 0
-429 -435 0
-430 -431 0
-430 -432 0
-430 -433 0
-430 -434 0
-430 -435 0
-431 -432 0
-431 -433 0
-431 -434 0
-431 -435 0
-432 -433 0
-432 -434 0
-432 -435 0
-433 -434 0
-433 -435 0
-434 -435 0
-421 -301 0
-422 -302 0
-423 -303 0
-424 -304 0
-425 -305 0
-426 -306 0
-427 -307 0
-428 -308 0
-429 -309 0
-430 -310 0
-431 -311 0
-432 -312 0
-433 -313 0
-434 -314 0
-435 -315 0
-421 -241 0
-422 -242 0
-423 -243 0
-424 -244 0
-425 -245 0
-426 -246 0
-427 -247 0
-428 -248 0
-429 -249 0
-430 -250 0
-431 -251 0
-432 -252 0
-433 -253 0
-434 -254 0
-435 -255 0
-421 -211 0
-422 -212 0
-423 -213 0
-424 -214 0
-425 -215 0
-426 -216 0
-427 -217 0
-428 -218 0
-429 -219 0
-430 -220 0
-431 -221 0
-432 -222 0
-433 -223 0
-434 -224 0
-435 -225 0
-421 -196 0
-422 -197 0
-423 -198 0
-424 -199 0
-425 -200 0
-426 -201 0
-427 -202 0
-428 -203 0
-429 -204 0
-430 -205 0
-431 -206 0
-432 -207 0
-433 -208 0
-434 -209 0
-435 -210 0
450 449 448 447 446 445 444 443 442 441 440 439 438 437 436 0
-436 -437 0
-436 -438 0
-436 -439 0
-436 -440 0
-436 -441 0
-436 -442 0
-436 -443 0
-436 -444 0
-436 -445 0
-436 -446 0
-436 -447 0
-436 -448 0
-436 -449 0
-436 -450 0
-437 -438 0
-437 -439 0
-437 -440 0
-437 -441 0
-437 -442 0
-437 -443 0
-437 -444 0
-437 -445 0
-437 -446 0
-437 -447 0
-437 -448 0
-437 -449 0
-437 -450 0
-438 -439 0
-438 -440 0
-438 -441 0
-438 -442 0
-438 -443 0
-438 -444 0
-438 -445 0
-438 -446 0
-438 -447 0
-438 -448 0
-438 -449 0
-438 -450 0
-439 -440 0
-439 -441 0
-439 -442 0
-439 -443 0
-439 -444 0
-439 -445 0
-439 -446 0
-439 -447 0
-439 -448 0
-439 -449 0
-439 -450 0
-440 -441 0
-440 -442 0
-440 -443 0
-440 -444 0
-440 -445 0
-440 -446 0
-440 -447 0
-440 -448 0
-440 -449 0
-440 -450 0
-441 -442 0
-441 -443 0
-441 -444 0
-441 -445 0
-441 -446 0
-441 -447 0
-441 -448 0
-441 -449 0
-441 -450 0
-442 -443 0
-442 -444 0
-442 -445 0
-442 -446 0
-442 -447 0
-442 -448 0
-442 -449 0
-442 -450 0
-443 -444 0
-443 -445 0
-443 -446 0
-443 -447 0
-443 -448 0
-443 -449 0
-443 -450 0
-444 -445 0
-444 -446 0
-444 -447 0
-444 -448 0
-444 -449 0
-444 -450 0
-445 -446 0
-445 -447 0
-445 -448 0
-445 -449 0
-445 -450 0
-446 -447 0
-446 -448 0
-446 -449 0
-446 -450 0
-447 -448 0
-447 -449 0
-447 -450 0
-448 -449 0
-448 -450 0
-449 -450 0
-436 -211 0
-437 -212 0
-438 -213 0
-439 -214 0
-440 -215 0
-441 -216 0
-442 -217 0
-443 -218 0
-444 -219 0
-445 -220 0
-446 -221 0
-447 -222 0
-448 -223 0
-449 -224 0
-450 -225 0
-436 -391 0
-437 -392 0
-438 -393 0
-439 -394 0
-440 -395 0
-441 -396 0
-442 -397 0
-443 -398 0
-444 -399 0
-445 -400 0
-446 -401 0
-447 -402 0
-448 -403 0
-449 -404 0
-450 -405 0
-436 -211 0
-437 -212 0
-438 -213 0
-439 -214 0
-440 -215 0
-441 -216 0
-442 -217 0
-443 -218 0
-444 -219 0
-445 -220 0
-446 -221 0
-447 -222 0
-448 -223 0
-449 -224 0
-450 -225 0
-436 -31 0
-437 -32 0
-438 -33 0
-439 -34 0
-440 -35 0
-441 -36 0
-442 -37 0
-443 -38 0
-444 -39 0
-445 -40 0
-446 -41 0
-447 -42 0
-448 -43 0
-449 -44 0
-450 -45 0
-436 -151 0
-437 -152 0
-438 -153 0
-439 -154 0
-440 -155 0
-441 -156 0
-442 -157 0
-443 -158 0
-444 -159 0
-445 -160 0
-446 -161 0
-447 -162 0
-448 -163 0
-449 -164 0
-450 -165 0
-436 -406 0
-437 -407 0
-438 -408 0
-439 -409 0
-440 -410 0
-441 -411 0
-442 -412 0
-443 -413 0
-444 -414 0
-445 -415 0
-446 -416 0
-447 -417 0
-448 -418 0
-449 -419 0
-450 -420 0
1 0
302 0
