c Graph Colouring to DIMACS
c Number of vertices: 10 Number of colours: 5p cnf 50 261
1 0
5 4 3 2 1 0
-1 -2 0
-1 -3 0
-1 -4 0
-1 -5 0
-2 -3 0
-2 -4 0
-2 -5 0
-3 -4 0
-3 -5 0
-4 -5 0
-1 -46 0
-2 -47 0
-3 -48 0
-4 -49 0
-5 -50 0
-1 -26 0
-2 -27 0
-3 -28 0
-4 -29 0
-5 -30 0
10 9 8 7 6 0
-6 -7 0
-6 -8 0
-6 -9 0
-6 -10 0
-7 -8 0
-7 -9 0
-7 -10 0
-8 -9 0
-8 -10 0
-9 -10 0
-6 -21 0
-7 -22 0
-8 -23 0
-9 -24 0
-10 -25 0
-6 -26 0
-7 -27 0
-8 -28 0
-9 -29 0
-10 -30 0
-6 -36 0
-7 -37 0
-8 -38 0
-9 -39 0
-10 -40 0
15 14 13 12 11 0
-11 -12 0
-11 -13 0
-11 -14 0
-11 -15 0
-12 -13 0
-12 -14 0
-12 -15 0
-13 -14 0
-13 -15 0
-14 -15 0
-11 -46 0
-12 -47 0
-13 -48 0
-14 -49 0
-15 -50 0
-11 -16 0
-12 -17 0
-13 -18 0
-14 -19 0
-15 -20 0
-11 -36 0
-12 -37 0
-13 -38 0
-14 -39 0
-15 -40 0
20 19 18 17 16 0
-16 -17 0
-16 -18 0
-16 -19 0
-16 -20 0
-17 -18 0
-17 -19 0
-17 -20 0
-18 -19 0
-18 -20 0
-19 -20 0
-16 -11 0
-17 -12 0
-18 -13 0
-19 -14 0
-20 -15 0
-16 -31 0
-17 -32 0
-18 -33 0
-19 -34 0
-20 -35 0
25 24 23 22 21 0
-21 -22 0
-21 -23 0
-21 -24 0
-21 -25 0
-22 -23 0
-22 -24 0
-22 -25 0
-23 -24 0
-23 -25 0
-24 -25 0
-21 -6 0
-22 -7 0
-23 -8 0
-24 -9 0
-25 -10 0
-21 -26 0
-22 -27 0
-23 -28 0
-24 -29 0
-25 -30 0
-21 -31 0
-22 -32 0
-23 -33 0
-24 -34 0
-25 -35 0
-21 -36 0
-22 -37 0
-23 -38 0
-24 -39 0
-25 -40 0
-21 -41 0
-22 -42 0
-23 -43 0
-24 -44 0
-25 -45 0
30 29 28 27 26 0
-26 -27 0
-26 -28 0
-26 -29 0
-26 -30 0
-27 -28 0
-27 -29 0
-27 -30 0
-28 -29 0
-28 -30 0
-29 -30 0
-26 -1 0
-27 -2 0
-28 -3 0
-29 -4 0
-30 -5 0
-26 -6 0
-27 -7 0
-28 -8 0
-29 -9 0
-30 -10 0
-26 -21 0
-27 -22 0
-28 -23 0
-29 -24 0
-30 -25 0
-26 -31 0
-27 -32 0
-28 -33 0
-29 -34 0
-30 -35 0
-26 -41 0
-27 -42 0
-28 -43 0
-29 -44 0
-30 -45 0
35 34 33 32 31 0
-31 -32 0
-31 -33 0
-31 -34 0
-31 -35 0
-32 -33 0
-32 -34 0
-32 -35 0
-33 -34 0
-33 -35 0
-34 -35 0
-31 -16 0
-32 -17 0
-33 -18 0
-34 -19 0
-35 -20 0
-31 -21 0
-32 -22 0
-33 -23 0
-34 -24 0
-35 -25 0
-31 -26 0
-32 -27 0
-33 -28 0
-34 -29 0
-35 -30 0
40 39 38 37 36 0
-36 -37 0
-36 -38 0
-36 -39 0
-36 -40 0
-37 -38 0
-37 -39 0
-37 -40 0
-38 -39 0
-38 -40 0
-39 -40 0
-36 -6 0
-37 -7 0
-38 -8 0
-39 -9 0
-40 -10 0
-36 -11 0
-37 -12 0
-38 -13 0
-39 -14 0
-40 -15 0
-36 -21 0
-37 -22 0
-38 -23 0
-39 -24 0
-40 -25 0
45 44 43 42 41 0
-41 -42 0
-41 -43 0
-41 -44 0
-41 -45 0
-42 -43 0
-42 -44 0
-42 -45 0
-43 -44 0
-43 -45 0
-44 -45 0
-41 -21 0
-42 -22 0
-43 -23 0
-44 -24 0
-45 -25 0
-41 -26 0
-42 -27 0
-43 -28 0
-44 -29 0
-45 -30 0
50 49 48 47 46 0
-46 -47 0
-46 -48 0
-46 -49 0
-46 -50 0
-47 -48 0
-47 -49 0
-47 -50 0
-48 -49 0
-48 -50 0
-49 -50 0
-46 -1 0
-47 -2 0
-48 -3 0
-49 -4 0
-50 -5 0
-46 -11 0
-47 -12 0
-48 -13 0
-49 -14 0
-50 -15 0
