c Graph Colouring to DIMACS
c Number of vertices: 15 Number of colours: 9p cnf 135 1294
1 0
9 8 7 6 5 4 3 2 1 0
-1 -2 0
-1 -3 0
-1 -4 0
-1 -5 0
-1 -6 0
-1 -7 0
-1 -8 0
-1 -9 0
-2 -3 0
-2 -4 0
-2 -5 0
-2 -6 0
-2 -7 0
-2 -8 0
-2 -9 0
-3 -4 0
-3 -5 0
-3 -6 0
-3 -7 0
-3 -8 0
-3 -9 0
-4 -5 0
-4 -6 0
-4 -7 0
-4 -8 0
-4 -9 0
-5 -6 0
-5 -7 0
-5 -8 0
-5 -9 0
-6 -7 0
-6 -8 0
-6 -9 0
-7 -8 0
-7 -9 0
-8 -9 0
-1 -28 0
-2 -29 0
-3 -30 0
-4 -31 0
-5 -32 0
-6 -33 0
-7 -34 0
-8 -35 0
-9 -36 0
-1 -37 0
-2 -38 0
-3 -39 0
-4 -40 0
-5 -41 0
-6 -42 0
-7 -43 0
-8 -44 0
-9 -45 0
-1 -55 0
-2 -56 0
-3 -57 0
-4 -58 0
-5 -59 0
-6 -60 0
-7 -61 0
-8 -62 0
-9 -63 0
-1 -73 0
-2 -74 0
-3 -75 0
-4 -76 0
-5 -77 0
-6 -78 0
-7 -79 0
-8 -80 0
-9 -81 0
-1 -91 0
-2 -92 0
-3 -93 0
-4 -94 0
-5 -95 0
-6 -96 0
-7 -97 0
-8 -98 0
-9 -99 0
-1 -127 0
-2 -128 0
-3 -129 0
-4 -130 0
-5 -131 0
-6 -132 0
-7 -133 0
-8 -134 0
-9 -135 0
18 17 16 15 14 13 12 11 10 0
-10 -11 0
-10 -12 0
-10 -13 0
-10 -14 0
-10 -15 0
-10 -16 0
-10 -17 0
-10 -18 0
-11 -12 0
-11 -13 0
-11 -14 0
-11 -15 0
-11 -16 0
-11 -17 0
-11 -18 0
-12 -13 0
-12 -14 0
-12 -15 0
-12 -16 0
-12 -17 0
-12 -18 0
-13 -14 0
-13 -15 0
-13 -16 0
-13 -17 0
-13 -18 0
-14 -15 0
-14 -16 0
-14 -17 0
-14 -18 0
-15 -16 0
-15 -17 0
-15 -18 0
-16 -17 0
-16 -18 0
-17 -18 0
-10 -19 0
-11 -20 0
-12 -21 0
-13 -22 0
-14 -23 0
-15 -24 0
-16 -25 0
-17 -26 0
-18 -27 0
-10 -28 0
-11 -29 0
-12 -30 0
-13 -31 0
-14 -32 0
-15 -33 0
-16 -34 0
-17 -35 0
-18 -36 0
-10 -46 0
-11 -47 0
-12 -48 0
-13 -49 0
-14 -50 0
-15 -51 0
-16 -52 0
-17 -53 0
-18 -54 0
-10 -55 0
-11 -56 0
-12 -57 0
-13 -58 0
-14 -59 0
-15 -60 0
-16 -61 0
-17 -62 0
-18 -63 0
-10 -109 0
-11 -110 0
-12 -111 0
-13 -112 0
-14 -113 0
-15 -114 0
-16 -115 0
-17 -116 0
-18 -117 0
-10 -118 0
-11 -119 0
-12 -120 0
-13 -121 0
-14 -122 0
-15 -123 0
-16 -124 0
-17 -125 0
-18 -126 0
27 26 25 24 23 22 21 20 19 0
-19 -20 0
-19 -21 0
-19 -22 0
-19 -23 0
-19 -24 0
-19 -25 0
-19 -26 0
-19 -27 0
-20 -21 0
-20 -22 0
-20 -23 0
-20 -24 0
-20 -25 0
-20 -26 0
-20 -27 0
-21 -22 0
-21 -23 0
-21 -24 0
-21 -25 0
-21 -26 0
-21 -27 0
-22 -23 0
-22 -24 0
-22 -25 0
-22 -26 0
-22 -27 0
-23 -24 0
-23 -25 0
-23 -26 0
-23 -27 0
-24 -25 0
-24 -26 0
-24 -27 0
-25 -26 0
-25 -27 0
-26 -27 0
-19 -10 0
-20 -11 0
-21 -12 0
-22 -13 0
-23 -14 0
-24 -15 0
-25 -16 0
-26 -17 0
-27 -18 0
-19 -28 0
-20 -29 0
-21 -30 0
-22 -31 0
-23 -32 0
-24 -33 0
-25 -34 0
-26 -35 0
-27 -36 0
-19 -55 0
-20 -56 0
-21 -57 0
-22 -58 0
-23 -59 0
-24 -60 0
-25 -61 0
-26 -62 0
-27 -63 0
-19 -73 0
-20 -74 0
-21 -75 0
-22 -76 0
-23 -77 0
-24 -78 0
-25 -79 0
-26 -80 0
-27 -81 0
-19 -100 0
-20 -101 0
-21 -102 0
-22 -103 0
-23 -104 0
-24 -105 0
-25 -106 0
-26 -107 0
-27 -108 0
-19 -118 0
-20 -119 0
-21 -120 0
-22 -121 0
-23 -122 0
-24 -123 0
-25 -124 0
-26 -125 0
-27 -126 0
36 35 34 33 32 31 30 29 28 0
-28 -29 0
-28 -30 0
-28 -31 0
-28 -32 0
-28 -33 0
-28 -34 0
-28 -35 0
-28 -36 0
-29 -30 0
-29 -31 0
-29 -32 0
-29 -33 0
-29 -34 0
-29 -35 0
-29 -36 0
-30 -31 0
-30 -32 0
-30 -33 0
-30 -34 0
-30 -35 0
-30 -36 0
-31 -32 0
-31 -33 0
-31 -34 0
-31 -35 0
-31 -36 0
-32 -33 0
-32 -34 0
-32 -35 0
-32 -36 0
-33 -34 0
-33 -35 0
-33 -36 0
-34 -35 0
-34 -36 0
-35 -36 0
-28 -1 0
-29 -2 0
-30 -3 0
-31 -4 0
-32 -5 0
-33 -6 0
-34 -7 0
-35 -8 0
-36 -9 0
-28 -10 0
-29 -11 0
-30 -12 0
-31 -13 0
-32 -14 0
-33 -15 0
-34 -16 0
-35 -17 0
-36 -18 0
-28 -19 0
-29 -20 0
-30 -21 0
-31 -22 0
-32 -23 0
-33 -24 0
-34 -25 0
-35 -26 0
-36 -27 0
-28 -64 0
-29 -65 0
-30 -66 0
-31 -67 0
-32 -68 0
-33 -69 0
-34 -70 0
-35 -71 0
-36 -72 0
-28 -82 0
-29 -83 0
-30 -84 0
-31 -85 0
-32 -86 0
-33 -87 0
-34 -88 0
-35 -89 0
-36 -90 0
-28 -109 0
-29 -110 0
-30 -111 0
-31 -112 0
-32 -113 0
-33 -114 0
-34 -115 0
-35 -116 0
-36 -117 0
-28 -127 0
-29 -128 0
-30 -129 0
-31 -130 0
-32 -131 0
-33 -132 0
-34 -133 0
-35 -134 0
-36 -135 0
45 44 43 42 41 40 39 38 37 0
-37 -38 0
-37 -39 0
-37 -40 0
-37 -41 0
-37 -42 0
-37 -43 0
-37 -44 0
-37 -45 0
-38 -39 0
-38 -40 0
-38 -41 0
-38 -42 0
-38 -43 0
-38 -44 0
-38 -45 0
-39 -40 0
-39 -41 0
-39 -42 0
-39 -43 0
-39 -44 0
-39 -45 0
-40 -41 0
-40 -42 0
-40 -43 0
-40 -44 0
-40 -45 0
-41 -42 0
-41 -43 0
-41 -44 0
-41 -45 0
-42 -43 0
-42 -44 0
-42 -45 0
-43 -44 0
-43 -45 0
-44 -45 0
-37 -1 0
-38 -2 0
-39 -3 0
-40 -4 0
-41 -5 0
-42 -6 0
-43 -7 0
-44 -8 0
-45 -9 0
-37 -82 0
-38 -83 0
-39 -84 0
-40 -85 0
-41 -86 0
-42 -87 0
-43 -88 0
-44 -89 0
-45 -90 0
-37 -127 0
-38 -128 0
-39 -129 0
-40 -130 0
-41 -131 0
-42 -132 0
-43 -133 0
-44 -134 0
-45 -135 0
54 53 52 51 50 49 48 47 46 0
-46 -47 0
-46 -48 0
-46 -49 0
-46 -50 0
-46 -51 0
-46 -52 0
-46 -53 0
-46 -54 0
-47 -48 0
-47 -49 0
-47 -50 0
-47 -51 0
-47 -52 0
-47 -53 0
-47 -54 0
-48 -49 0
-48 -50 0
-48 -51 0
-48 -52 0
-48 -53 0
-48 -54 0
-49 -50 0
-49 -51 0
-49 -52 0
-49 -53 0
-49 -54 0
-50 -51 0
-50 -52 0
-50 -53 0
-50 -54 0
-51 -52 0
-51 -53 0
-51 -54 0
-52 -53 0
-52 -54 0
-53 -54 0
-46 -10 0
-47 -11 0
-48 -12 0
-49 -13 0
-50 -14 0
-51 -15 0
-52 -16 0
-53 -17 0
-54 -18 0
-46 -55 0
-47 -56 0
-48 -57 0
-49 -58 0
-50 -59 0
-51 -60 0
-52 -61 0
-53 -62 0
-54 -63 0
-46 -64 0
-47 -65 0
-48 -66 0
-49 -67 0
-50 -68 0
-51 -69 0
-52 -70 0
-53 -71 0
-54 -72 0
-46 -73 0
-47 -74 0
-48 -75 0
-49 -76 0
-50 -77 0
-51 -78 0
-52 -79 0
-53 -80 0
-54 -81 0
-46 -100 0
-47 -101 0
-48 -102 0
-49 -103 0
-50 -104 0
-51 -105 0
-52 -106 0
-53 -107 0
-54 -108 0
63 62 61 60 59 58 57 56 55 0
-55 -56 0
-55 -57 0
-55 -58 0
-55 -59 0
-55 -60 0
-55 -61 0
-55 -62 0
-55 -63 0
-56 -57 0
-56 -58 0
-56 -59 0
-56 -60 0
-56 -61 0
-56 -62 0
-56 -63 0
-57 -58 0
-57 -59 0
-57 -60 0
-57 -61 0
-57 -62 0
-57 -63 0
-58 -59 0
-58 -60 0
-58 -61 0
-58 -62 0
-58 -63 0
-59 -60 0
-59 -61 0
-59 -62 0
-59 -63 0
-60 -61 0
-60 -62 0
-60 -63 0
-61 -62 0
-61 -63 0
-62 -63 0
-55 -1 0
-56 -2 0
-57 -3 0
-58 -4 0
-59 -5 0
-60 -6 0
-61 -7 0
-62 -8 0
-63 -9 0
-55 -10 0
-56 -11 0
-57 -12 0
-58 -13 0
-59 -14 0
-60 -15 0
-61 -16 0
-62 -17 0
-63 -18 0
-55 -19 0
-56 -20 0
-57 -21 0
-58 -22 0
-59 -23 0
-60 -24 0
-61 -25 0
-62 -26 0
-63 -27 0
-55 -46 0
-56 -47 0
-57 -48 0
-58 -49 0
-59 -50 0
-60 -51 0
-61 -52 0
-62 -53 0
-63 -54 0
-55 -73 0
-56 -74 0
-57 -75 0
-58 -76 0
-59 -77 0
-60 -78 0
-61 -79 0
-62 -80 0
-63 -81 0
72 71 70 69 68 67 66 65 64 0
-64 -65 0
-64 -66 0
-64 -67 0
-64 -68 0
-64 -69 0
-64 -70 0
-64 -71 0
-64 -72 0
-65 -66 0
-65 -67 0
-65 -68 0
-65 -69 0
-65 -70 0
-65 -71 0
-65 -72 0
-66 -67 0
-66 -68 0
-66 -69 0
-66 -70 0
-66 -71 0
-66 -72 0
-67 -68 0
-67 -69 0
-67 -70 0
-67 -71 0
-67 -72 0
-68 -69 0
-68 -70 0
-68 -71 0
-68 -72 0
-69 -70 0
-69 -71 0
-69 -72 0
-70 -71 0
-70 -72 0
-71 -72 0
-64 -82 0
-65 -83 0
-66 -84 0
-67 -85 0
-68 -86 0
-69 -87 0
-70 -88 0
-71 -89 0
-72 -90 0
-64 -91 0
-65 -92 0
-66 -93 0
-67 -94 0
-68 -95 0
-69 -96 0
-70 -97 0
-71 -98 0
-72 -99 0
-64 -28 0
-65 -29 0
-66 -30 0
-67 -31 0
-68 -32 0
-69 -33 0
-70 -34 0
-71 -35 0
-72 -36 0
-64 -46 0
-65 -47 0
-66 -48 0
-67 -49 0
-68 -50 0
-69 -51 0
-70 -52 0
-71 -53 0
-72 -54 0
81 80 79 78 77 76 75 74 73 0
-73 -74 0
-73 -75 0
-73 -76 0
-73 -77 0
-73 -78 0
-73 -79 0
-73 -80 0
-73 -81 0
-74 -75 0
-74 -76 0
-74 -77 0
-74 -78 0
-74 -79 0
-74 -80 0
-74 -81 0
-75 -76 0
-75 -77 0
-75 -78 0
-75 -79 0
-75 -80 0
-75 -81 0
-76 -77 0
-76 -78 0
-76 -79 0
-76 -80 0
-76 -81 0
-77 -78 0
-77 -79 0
-77 -80 0
-77 -81 0
-78 -79 0
-78 -80 0
-78 -81 0
-79 -80 0
-79 -81 0
-80 -81 0
-73 -1 0
-74 -2 0
-75 -3 0
-76 -4 0
-77 -5 0
-78 -6 0
-79 -7 0
-80 -8 0
-81 -9 0
-73 -19 0
-74 -20 0
-75 -21 0
-76 -22 0
-77 -23 0
-78 -24 0
-79 -25 0
-80 -26 0
-81 -27 0
-73 -46 0
-74 -47 0
-75 -48 0
-76 -49 0
-77 -50 0
-78 -51 0
-79 -52 0
-80 -53 0
-81 -54 0
-73 -55 0
-74 -56 0
-75 -57 0
-76 -58 0
-77 -59 0
-78 -60 0
-79 -61 0
-80 -62 0
-81 -63 0
-73 -91 0
-74 -92 0
-75 -93 0
-76 -94 0
-77 -95 0
-78 -96 0
-79 -97 0
-80 -98 0
-81 -99 0
-73 -118 0
-74 -119 0
-75 -120 0
-76 -121 0
-77 -122 0
-78 -123 0
-79 -124 0
-80 -125 0
-81 -126 0
90 89 88 87 86 85 84 83 82 0
-82 -83 0
-82 -84 0
-82 -85 0
-82 -86 0
-82 -87 0
-82 -88 0
-82 -89 0
-82 -90 0
-83 -84 0
-83 -85 0
-83 -86 0
-83 -87 0
-83 -88 0
-83 -89 0
-83 -90 0
-84 -85 0
-84 -86 0
-84 -87 0
-84 -88 0
-84 -89 0
-84 -90 0
-85 -86 0
-85 -87 0
-85 -88 0
-85 -89 0
-85 -90 0
-86 -87 0
-86 -88 0
-86 -89 0
-86 -90 0
-87 -88 0
-87 -89 0
-87 -90 0
-88 -89 0
-88 -90 0
-89 -90 0
-82 -28 0
-83 -29 0
-84 -30 0
-85 -31 0
-86 -32 0
-87 -33 0
-88 -34 0
-89 -35 0
-90 -36 0
-82 -37 0
-83 -38 0
-84 -39 0
-85 -40 0
-86 -41 0
-87 -42 0
-88 -43 0
-89 -44 0
-90 -45 0
-82 -64 0
-83 -65 0
-84 -66 0
-85 -67 0
-86 -68 0
-87 -69 0
-88 -70 0
-89 -71 0
-90 -72 0
-82 -91 0
-83 -92 0
-84 -93 0
-85 -94 0
-86 -95 0
-87 -96 0
-88 -97 0
-89 -98 0
-90 -99 0
-82 -109 0
-83 -110 0
-84 -111 0
-85 -112 0
-86 -113 0
-87 -114 0
-88 -115 0
-89 -116 0
-90 -117 0
-82 -118 0
-83 -119 0
-84 -120 0
-85 -121 0
-86 -122 0
-87 -123 0
-88 -124 0
-89 -125 0
-90 -126 0
99 98 97 96 95 94 93 92 91 0
-91 -92 0
-91 -93 0
-91 -94 0
-91 -95 0
-91 -96 0
-91 -97 0
-91 -98 0
-91 -99 0
-92 -93 0
-92 -94 0
-92 -95 0
-92 -96 0
-92 -97 0
-92 -98 0
-92 -99 0
-93 -94 0
-93 -95 0
-93 -96 0
-93 -97 0
-93 -98 0
-93 -99 0
-94 -95 0
-94 -96 0
-94 -97 0
-94 -98 0
-94 -99 0
-95 -96 0
-95 -97 0
-95 -98 0
-95 -99 0
-96 -97 0
-96 -98 0
-96 -99 0
-97 -98 0
-97 -99 0
-98 -99 0
-91 -1 0
-92 -2 0
-93 -3 0
-94 -4 0
-95 -5 0
-96 -6 0
-97 -7 0
-98 -8 0
-99 -9 0
-91 -64 0
-92 -65 0
-93 -66 0
-94 -67 0
-95 -68 0
-96 -69 0
-97 -70 0
-98 -71 0
-99 -72 0
-91 -73 0
-92 -74 0
-93 -75 0
-94 -76 0
-95 -77 0
-96 -78 0
-97 -79 0
-98 -80 0
-99 -81 0
-91 -82 0
-92 -83 0
-93 -84 0
-94 -85 0
-95 -86 0
-96 -87 0
-97 -88 0
-98 -89 0
-99 -90 0
-91 -100 0
-92 -101 0
-93 -102 0
-94 -103 0
-95 -104 0
-96 -105 0
-97 -106 0
-98 -107 0
-99 -108 0
-91 -118 0
-92 -119 0
-93 -120 0
-94 -121 0
-95 -122 0
-96 -123 0
-97 -124 0
-98 -125 0
-99 -126 0
-91 -127 0
-92 -128 0
-93 -129 0
-94 -130 0
-95 -131 0
-96 -132 0
-97 -133 0
-98 -134 0
-99 -135 0
108 107 106 105 104 103 102 101 100 0
-100 -101 0
-100 -102 0
-100 -103 0
-100 -104 0
-100 -105 0
-100 -106 0
-100 -107 0
-100 -108 0
-101 -102 0
-101 -103 0
-101 -104 0
-101 -105 0
-101 -106 0
-101 -107 0
-101 -108 0
-102 -103 0
-102 -104 0
-102 -105 0
-102 -106 0
-102 -107 0
-102 -108 0
-103 -104 0
-103 -105 0
-103 -106 0
-103 -107 0
-103 -108 0
-104 -105 0
-104 -106 0
-104 -107 0
-104 -108 0
-105 -106 0
-105 -107 0
-105 -108 0
-106 -107 0
-106 -108 0
-107 -108 0
-100 -91 0
-101 -92 0
-102 -93 0
-103 -94 0
-104 -95 0
-105 -96 0
-106 -97 0
-107 -98 0
-108 -99 0
-100 -19 0
-101 -20 0
-102 -21 0
-103 -22 0
-104 -23 0
-105 -24 0
-106 -25 0
-107 -26 0
-108 -27 0
-100 -46 0
-101 -47 0
-102 -48 0
-103 -49 0
-104 -50 0
-105 -51 0
-106 -52 0
-107 -53 0
-108 -54 0
-100 -127 0
-101 -128 0
-102 -129 0
-103 -130 0
-104 -131 0
-105 -132 0
-106 -133 0
-107 -134 0
-108 -135 0
117 116 115 114 113 112 111 110 109 0
-109 -110 0
-109 -111 0
-109 -112 0
-109 -113 0
-109 -114 0
-109 -115 0
-109 -116 0
-109 -117 0
-110 -111 0
-110 -112 0
-110 -113 0
-110 -114 0
-110 -115 0
-110 -116 0
-110 -117 0
-111 -112 0
-111 -113 0
-111 -114 0
-111 -115 0
-111 -116 0
-111 -117 0
-112 -113 0
-112 -114 0
-112 -115 0
-112 -116 0
-112 -117 0
-113 -114 0
-113 -115 0
-113 -116 0
-113 -117 0
-114 -115 0
-114 -116 0
-114 -117 0
-115 -116 0
-115 -117 0
-116 -117 0
-109 -10 0
-110 -11 0
-111 -12 0
-112 -13 0
-113 -14 0
-114 -15 0
-115 -16 0
-116 -17 0
-117 -18 0
-109 -28 0
-110 -29 0
-111 -30 0
-112 -31 0
-113 -32 0
-114 -33 0
-115 -34 0
-116 -35 0
-117 -36 0
-109 -118 0
-110 -119 0
-111 -120 0
-112 -121 0
-113 -122 0
-114 -123 0
-115 -124 0
-116 -125 0
-117 -126 0
-109 -82 0
-110 -83 0
-111 -84 0
-112 -85 0
-113 -86 0
-114 -87 0
-115 -88 0
-116 -89 0
-117 -90 0
126 125 124 123 122 121 120 119 118 0
-118 -119 0
-118 -120 0
-118 -121 0
-118 -122 0
-118 -123 0
-118 -124 0
-118 -125 0
-118 -126 0
-119 -120 0
-119 -121 0
-119 -122 0
-119 -123 0
-119 -124 0
-119 -125 0
-119 -126 0
-120 -121 0
-120 -122 0
-120 -123 0
-120 -124 0
-120 -125 0
-120 -126 0
-121 -122 0
-121 -123 0
-121 -124 0
-121 -125 0
-121 -126 0
-122 -123 0
-122 -124 0
-122 -125 0
-122 -126 0
-123 -124 0
-123 -125 0
-123 -126 0
-124 -125 0
-124 -126 0
-125 -126 0
-118 -10 0
-119 -11 0
-120 -12 0
-121 -13 0
-122 -14 0
-123 -15 0
-124 -16 0
-125 -17 0
-126 -18 0
-118 -19 0
-119 -20 0
-120 -21 0
-121 -22 0
-122 -23 0
-123 -24 0
-124 -25 0
-125 -26 0
-126 -27 0
-118 -73 0
-119 -74 0
-120 -75 0
-121 -76 0
-122 -77 0
-123 -78 0
-124 -79 0
-125 -80 0
-126 -81 0
-118 -82 0
-119 -83 0
-120 -84 0
-121 -85 0
-122 -86 0
-123 -87 0
-124 -88 0
-125 -89 0
-126 -90 0
-118 -91 0
-119 -92 0
-120 -93 0
-121 -94 0
-122 -95 0
-123 -96 0
-124 -97 0
-125 -98 0
-126 -99 0
-118 -109 0
-119 -110 0
-120 -111 0
-121 -112 0
-122 -113 0
-123 -114 0
-124 -115 0
-125 -116 0
-126 -117 0
-118 -127 0
-119 -128 0
-120 -129 0
-121 -130 0
-122 -131 0
-123 -132 0
-124 -133 0
-125 -134 0
-126 -135 0
135 134 133 132 131 130 129 128 127 0
-127 -128 0
-127 -129 0
-127 -130 0
-127 -131 0
-127 -132 0
-127 -133 0
-127 -134 0
-127 -135 0
-128 -129 0
-128 -130 0
-128 -131 0
-128 -132 0
-128 -133 0
-128 -134 0
-128 -135 0
-129 -130 0
-129 -131 0
-129 -132 0
-129 -133 0
-129 -134 0
-129 -135 0
-130 -131 0
-130 -132 0
-130 -133 0
-130 -134 0
-130 -135 0
-131 -132 0
-131 -133 0
-131 -134 0
-131 -135 0
-132 -133 0
-132 -134 0
-132 -135 0
-133 -134 0
-133 -135 0
-134 -135 0
-127 -1 0
-128 -2 0
-129 -3 0
-130 -4 0
-131 -5 0
-132 -6 0
-133 -7 0
-134 -8 0
-135 -9 0
-127 -28 0
-128 -29 0
-129 -30 0
-130 -31 0
-131 -32 0
-132 -33 0
-133 -34 0
-134 -35 0
-135 -36 0
-127 -37 0
-128 -38 0
-129 -39 0
-130 -40 0
-131 -41 0
-132 -42 0
-133 -43 0
-134 -44 0
-135 -45 0
-127 -91 0
-128 -92 0
-129 -93 0
-130 -94 0
-131 -95 0
-132 -96 0
-133 -97 0
-134 -98 0
-135 -99 0
-127 -100 0
-128 -101 0
-129 -102 0
-130 -103 0
-131 -104 0
-132 -105 0
-133 -106 0
-134 -107 0
-135 -108 0
-127 -118 0
-128 -119 0
-129 -120 0
-130 -121 0
-131 -122 0
-132 -123 0
-133 -124 0
-134 -125 0
-135 -126 0
