c Graph Colouring to DIMACS
c Number of vertices: 20 Number of colours: 13
p cnf 260 3791
1 0
13 12 11 10 9 8 7 6 5 4 3 2 1 0
-1 -2 0
-1 -3 0
-1 -4 0
-1 -5 0
-1 -6 0
-1 -7 0
-1 -8 0
-1 -9 0
-1 -10 0
-1 -11 0
-1 -12 0
-1 -13 0
-2 -3 0
-2 -4 0
-2 -5 0
-2 -6 0
-2 -7 0
-2 -8 0
-2 -9 0
-2 -10 0
-2 -11 0
-2 -12 0
-2 -13 0
-3 -4 0
-3 -5 0
-3 -6 0
-3 -7 0
-3 -8 0
-3 -9 0
-3 -10 0
-3 -11 0
-3 -12 0
-3 -13 0
-4 -5 0
-4 -6 0
-4 -7 0
-4 -8 0
-4 -9 0
-4 -10 0
-4 -11 0
-4 -12 0
-4 -13 0
-5 -6 0
-5 -7 0
-5 -8 0
-5 -9 0
-5 -10 0
-5 -11 0
-5 -12 0
-5 -13 0
-6 -7 0
-6 -8 0
-6 -9 0
-6 -10 0
-6 -11 0
-6 -12 0
-6 -13 0
-7 -8 0
-7 -9 0
-7 -10 0
-7 -11 0
-7 -12 0
-7 -13 0
-8 -9 0
-8 -10 0
-8 -11 0
-8 -12 0
-8 -13 0
-9 -10 0
-9 -11 0
-9 -12 0
-9 -13 0
-10 -11 0
-10 -12 0
-10 -13 0
-11 -12 0
-11 -13 0
-12 -13 0
-1 -14 0
-2 -15 0
-3 -16 0
-4 -17 0
-5 -18 0
-6 -19 0
-7 -20 0
-8 -21 0
-9 -22 0
-10 -23 0
-11 -24 0
-12 -25 0
-13 -26 0
-1 -27 0
-2 -28 0
-3 -29 0
-4 -30 0
-5 -31 0
-6 -32 0
-7 -33 0
-8 -34 0
-9 -35 0
-10 -36 0
-11 -37 0
-12 -38 0
-13 -39 0
-1 -53 0
-2 -54 0
-3 -55 0
-4 -56 0
-5 -57 0
-6 -58 0
-7 -59 0
-8 -60 0
-9 -61 0
-10 -62 0
-11 -63 0
-12 -64 0
-13 -65 0
-1 -66 0
-2 -67 0
-3 -68 0
-4 -69 0
-5 -70 0
-6 -71 0
-7 -72 0
-8 -73 0
-9 -74 0
-10 -75 0
-11 -76 0
-12 -77 0
-13 -78 0
-1 -118 0
-2 -119 0
-3 -120 0
-4 -121 0
-5 -122 0
-6 -123 0
-7 -124 0
-8 -125 0
-9 -126 0
-10 -127 0
-11 -128 0
-12 -129 0
-13 -130 0
-1 -183 0
-2 -184 0
-3 -185 0
-4 -186 0
-5 -187 0
-6 -188 0
-7 -189 0
-8 -190 0
-9 -191 0
-10 -192 0
-11 -193 0
-12 -194 0
-13 -195 0
-1 -209 0
-2 -210 0
-3 -211 0
-4 -212 0
-5 -213 0
-6 -214 0
-7 -215 0
-8 -216 0
-9 -217 0
-10 -218 0
-11 -219 0
-12 -220 0
-13 -221 0
-1 -222 0
-2 -223 0
-3 -224 0
-4 -225 0
-5 -226 0
-6 -227 0
-7 -228 0
-8 -229 0
-9 -230 0
-10 -231 0
-11 -232 0
-12 -233 0
-13 -234 0
-1 -235 0
-2 -236 0
-3 -237 0
-4 -238 0
-5 -239 0
-6 -240 0
-7 -241 0
-8 -242 0
-9 -243 0
-10 -244 0
-11 -245 0
-12 -246 0
-13 -247 0
26 25 24 23 22 21 20 19 18 17 16 15 14 0
-14 -15 0
-14 -16 0
-14 -17 0
-14 -18 0
-14 -19 0
-14 -20 0
-14 -21 0
-14 -22 0
-14 -23 0
-14 -24 0
-14 -25 0
-14 -26 0
-15 -16 0
-15 -17 0
-15 -18 0
-15 -19 0
-15 -20 0
-15 -21 0
-15 -22 0
-15 -23 0
-15 -24 0
-15 -25 0
-15 -26 0
-16 -17 0
-16 -18 0
-16 -19 0
-16 -20 0
-16 -21 0
-16 -22 0
-16 -23 0
-16 -24 0
-16 -25 0
-16 -26 0
-17 -18 0
-17 -19 0
-17 -20 0
-17 -21 0
-17 -22 0
-17 -23 0
-17 -24 0
-17 -25 0
-17 -26 0
-18 -19 0
-18 -20 0
-18 -21 0
-18 -22 0
-18 -23 0
-18 -24 0
-18 -25 0
-18 -26 0
-19 -20 0
-19 -21 0
-19 -22 0
-19 -23 0
-19 -24 0
-19 -25 0
-19 -26 0
-20 -21 0
-20 -22 0
-20 -23 0
-20 -24 0
-20 -25 0
-20 -26 0
-21 -22 0
-21 -23 0
-21 -24 0
-21 -25 0
-21 -26 0
-22 -23 0
-22 -24 0
-22 -25 0
-22 -26 0
-23 -24 0
-23 -25 0
-23 -26 0
-24 -25 0
-24 -26 0
-25 -26 0
-14 -1 0
-15 -2 0
-16 -3 0
-17 -4 0
-18 -5 0
-19 -6 0
-20 -7 0
-21 -8 0
-22 -9 0
-23 -10 0
-24 -11 0
-25 -12 0
-26 -13 0
-14 -53 0
-15 -54 0
-16 -55 0
-17 -56 0
-18 -57 0
-19 -58 0
-20 -59 0
-21 -60 0
-22 -61 0
-23 -62 0
-24 -63 0
-25 -64 0
-26 -65 0
-14 -92 0
-15 -93 0
-16 -94 0
-17 -95 0
-18 -96 0
-19 -97 0
-20 -98 0
-21 -99 0
-22 -100 0
-23 -101 0
-24 -102 0
-25 -103 0
-26 -104 0
-14 -105 0
-15 -106 0
-16 -107 0
-17 -108 0
-18 -109 0
-19 -110 0
-20 -111 0
-21 -112 0
-22 -113 0
-23 -114 0
-24 -115 0
-25 -116 0
-26 -117 0
-14 -144 0
-15 -145 0
-16 -146 0
-17 -147 0
-18 -148 0
-19 -149 0
-20 -150 0
-21 -151 0
-22 -152 0
-23 -153 0
-24 -154 0
-25 -155 0
-26 -156 0
-14 -248 0
-15 -249 0
-16 -250 0
-17 -251 0
-18 -252 0
-19 -253 0
-20 -254 0
-21 -255 0
-22 -256 0
-23 -257 0
-24 -258 0
-25 -259 0
-26 -260 0
39 38 37 36 35 34 33 32 31 30 29 28 27 0
-27 -28 0
-27 -29 0
-27 -30 0
-27 -31 0
-27 -32 0
-27 -33 0
-27 -34 0
-27 -35 0
-27 -36 0
-27 -37 0
-27 -38 0
-27 -39 0
-28 -29 0
-28 -30 0
-28 -31 0
-28 -32 0
-28 -33 0
-28 -34 0
-28 -35 0
-28 -36 0
-28 -37 0
-28 -38 0
-28 -39 0
-29 -30 0
-29 -31 0
-29 -32 0
-29 -33 0
-29 -34 0
-29 -35 0
-29 -36 0
-29 -37 0
-29 -38 0
-29 -39 0
-30 -31 0
-30 -32 0
-30 -33 0
-30 -34 0
-30 -35 0
-30 -36 0
-30 -37 0
-30 -38 0
-30 -39 0
-31 -32 0
-31 -33 0
-31 -34 0
-31 -35 0
-31 -36 0
-31 -37 0
-31 -38 0
-31 -39 0
-32 -33 0
-32 -34 0
-32 -35 0
-32 -36 0
-32 -37 0
-32 -38 0
-32 -39 0
-33 -34 0
-33 -35 0
-33 -36 0
-33 -37 0
-33 -38 0
-33 -39 0
-34 -35 0
-34 -36 0
-34 -37 0
-34 -38 0
-34 -39 0
-35 -36 0
-35 -37 0
-35 -38 0
-35 -39 0
-36 -37 0
-36 -38 0
-36 -39 0
-37 -38 0
-37 -39 0
-38 -39 0
-27 -1 0
-28 -2 0
-29 -3 0
-30 -4 0
-31 -5 0
-32 -6 0
-33 -7 0
-34 -8 0
-35 -9 0
-36 -10 0
-37 -11 0
-38 -12 0
-39 -13 0
-27 -40 0
-28 -41 0
-29 -42 0
-30 -43 0
-31 -44 0
-32 -45 0
-33 -46 0
-34 -47 0
-35 -48 0
-36 -49 0
-37 -50 0
-38 -51 0
-39 -52 0
-27 -79 0
-28 -80 0
-29 -81 0
-30 -82 0
-31 -83 0
-32 -84 0
-33 -85 0
-34 -86 0
-35 -87 0
-36 -88 0
-37 -89 0
-38 -90 0
-39 -91 0
-27 -92 0
-28 -93 0
-29 -94 0
-30 -95 0
-31 -96 0
-32 -97 0
-33 -98 0
-34 -99 0
-35 -100 0
-36 -101 0
-37 -102 0
-38 -103 0
-39 -104 0
-27 -105 0
-28 -106 0
-29 -107 0
-30 -108 0
-31 -109 0
-32 -110 0
-33 -111 0
-34 -112 0
-35 -113 0
-36 -114 0
-37 -115 0
-38 -116 0
-39 -117 0
-27 -118 0
-28 -119 0
-29 -120 0
-30 -121 0
-31 -122 0
-32 -123 0
-33 -124 0
-34 -125 0
-35 -126 0
-36 -127 0
-37 -128 0
-38 -129 0
-39 -130 0
-27 -144 0
-28 -145 0
-29 -146 0
-30 -147 0
-31 -148 0
-32 -149 0
-33 -150 0
-34 -151 0
-35 -152 0
-36 -153 0
-37 -154 0
-38 -155 0
-39 -156 0
-27 -157 0
-28 -158 0
-29 -159 0
-30 -160 0
-31 -161 0
-32 -162 0
-33 -163 0
-34 -164 0
-35 -165 0
-36 -166 0
-37 -167 0
-38 -168 0
-39 -169 0
-27 -170 0
-28 -171 0
-29 -172 0
-30 -173 0
-31 -174 0
-32 -175 0
-33 -176 0
-34 -177 0
-35 -178 0
-36 -179 0
-37 -180 0
-38 -181 0
-39 -182 0
-27 -183 0
-28 -184 0
-29 -185 0
-30 -186 0
-31 -187 0
-32 -188 0
-33 -189 0
-34 -190 0
-35 -191 0
-36 -192 0
-37 -193 0
-38 -194 0
-39 -195 0
-27 -209 0
-28 -210 0
-29 -211 0
-30 -212 0
-31 -213 0
-32 -214 0
-33 -215 0
-34 -216 0
-35 -217 0
-36 -218 0
-37 -219 0
-38 -220 0
-39 -221 0
-27 -235 0
-28 -236 0
-29 -237 0
-30 -238 0
-31 -239 0
-32 -240 0
-33 -241 0
-34 -242 0
-35 -243 0
-36 -244 0
-37 -245 0
-38 -246 0
-39 -247 0
52 51 50 49 48 47 46 45 44 43 42 41 40 0
-40 -41 0
-40 -42 0
-40 -43 0
-40 -44 0
-40 -45 0
-40 -46 0
-40 -47 0
-40 -48 0
-40 -49 0
-40 -50 0
-40 -51 0
-40 -52 0
-41 -42 0
-41 -43 0
-41 -44 0
-41 -45 0
-41 -46 0
-41 -47 0
-41 -48 0
-41 -49 0
-41 -50 0
-41 -51 0
-41 -52 0
-42 -43 0
-42 -44 0
-42 -45 0
-42 -46 0
-42 -47 0
-42 -48 0
-42 -49 0
-42 -50 0
-42 -51 0
-42 -52 0
-43 -44 0
-43 -45 0
-43 -46 0
-43 -47 0
-43 -48 0
-43 -49 0
-43 -50 0
-43 -51 0
-43 -52 0
-44 -45 0
-44 -46 0
-44 -47 0
-44 -48 0
-44 -49 0
-44 -50 0
-44 -51 0
-44 -52 0
-45 -46 0
-45 -47 0
-45 -48 0
-45 -49 0
-45 -50 0
-45 -51 0
-45 -52 0
-46 -47 0
-46 -48 0
-46 -49 0
-46 -50 0
-46 -51 0
-46 -52 0
-47 -48 0
-47 -49 0
-47 -50 0
-47 -51 0
-47 -52 0
-48 -49 0
-48 -50 0
-48 -51 0
-48 -52 0
-49 -50 0
-49 -51 0
-49 -52 0
-50 -51 0
-50 -52 0
-51 -52 0
-40 -27 0
-41 -28 0
-42 -29 0
-43 -30 0
-44 -31 0
-45 -32 0
-46 -33 0
-47 -34 0
-48 -35 0
-49 -36 0
-50 -37 0
-51 -38 0
-52 -39 0
-40 -66 0
-41 -67 0
-42 -68 0
-43 -69 0
-44 -70 0
-45 -71 0
-46 -72 0
-47 -73 0
-48 -74 0
-49 -75 0
-50 -76 0
-51 -77 0
-52 -78 0
-40 -118 0
-41 -119 0
-42 -120 0
-43 -121 0
-44 -122 0
-45 -123 0
-46 -124 0
-47 -125 0
-48 -126 0
-49 -127 0
-50 -128 0
-51 -129 0
-52 -130 0
-40 -170 0
-41 -171 0
-42 -172 0
-43 -173 0
-44 -174 0
-45 -175 0
-46 -176 0
-47 -177 0
-48 -178 0
-49 -179 0
-50 -180 0
-51 -181 0
-52 -182 0
-40 -196 0
-41 -197 0
-42 -198 0
-43 -199 0
-44 -200 0
-45 -201 0
-46 -202 0
-47 -203 0
-48 -204 0
-49 -205 0
-50 -206 0
-51 -207 0
-52 -208 0
-40 -209 0
-41 -210 0
-42 -211 0
-43 -212 0
-44 -213 0
-45 -214 0
-46 -215 0
-47 -216 0
-48 -217 0
-49 -218 0
-50 -219 0
-51 -220 0
-52 -221 0
-40 -235 0
-41 -236 0
-42 -237 0
-43 -238 0
-44 -239 0
-45 -240 0
-46 -241 0
-47 -242 0
-48 -243 0
-49 -244 0
-50 -245 0
-51 -246 0
-52 -247 0
-40 -248 0
-41 -249 0
-42 -250 0
-43 -251 0
-44 -252 0
-45 -253 0
-46 -254 0
-47 -255 0
-48 -256 0
-49 -257 0
-50 -258 0
-51 -259 0
-52 -260 0
65 64 63 62 61 60 59 58 57 56 55 54 53 0
-53 -54 0
-53 -55 0
-53 -56 0
-53 -57 0
-53 -58 0
-53 -59 0
-53 -60 0
-53 -61 0
-53 -62 0
-53 -63 0
-53 -64 0
-53 -65 0
-54 -55 0
-54 -56 0
-54 -57 0
-54 -58 0
-54 -59 0
-54 -60 0
-54 -61 0
-54 -62 0
-54 -63 0
-54 -64 0
-54 -65 0
-55 -56 0
-55 -57 0
-55 -58 0
-55 -59 0
-55 -60 0
-55 -61 0
-55 -62 0
-55 -63 0
-55 -64 0
-55 -65 0
-56 -57 0
-56 -58 0
-56 -59 0
-56 -60 0
-56 -61 0
-56 -62 0
-56 -63 0
-56 -64 0
-56 -65 0
-57 -58 0
-57 -59 0
-57 -60 0
-57 -61 0
-57 -62 0
-57 -63 0
-57 -64 0
-57 -65 0
-58 -59 0
-58 -60 0
-58 -61 0
-58 -62 0
-58 -63 0
-58 -64 0
-58 -65 0
-59 -60 0
-59 -61 0
-59 -62 0
-59 -63 0
-59 -64 0
-59 -65 0
-60 -61 0
-60 -62 0
-60 -63 0
-60 -64 0
-60 -65 0
-61 -62 0
-61 -63 0
-61 -64 0
-61 -65 0
-62 -63 0
-62 -64 0
-62 -65 0
-63 -64 0
-63 -65 0
-64 -65 0
-53 -1 0
-54 -2 0
-55 -3 0
-56 -4 0
-57 -5 0
-58 -6 0
-59 -7 0
-60 -8 0
-61 -9 0
-62 -10 0
-63 -11 0
-64 -12 0
-65 -13 0
-53 -14 0
-54 -15 0
-55 -16 0
-56 -17 0
-57 -18 0
-58 -19 0
-59 -20 0
-60 -21 0
-61 -22 0
-62 -23 0
-63 -24 0
-64 -25 0
-65 -26 0
-53 -79 0
-54 -80 0
-55 -81 0
-56 -82 0
-57 -83 0
-58 -84 0
-59 -85 0
-60 -86 0
-61 -87 0
-62 -88 0
-63 -89 0
-64 -90 0
-65 -91 0
-53 -92 0
-54 -93 0
-55 -94 0
-56 -95 0
-57 -96 0
-58 -97 0
-59 -98 0
-60 -99 0
-61 -100 0
-62 -101 0
-63 -102 0
-64 -103 0
-65 -104 0
-53 -131 0
-54 -132 0
-55 -133 0
-56 -134 0
-57 -135 0
-58 -136 0
-59 -137 0
-60 -138 0
-61 -139 0
-62 -140 0
-63 -141 0
-64 -142 0
-65 -143 0
-53 -183 0
-54 -184 0
-55 -185 0
-56 -186 0
-57 -187 0
-58 -188 0
-59 -189 0
-60 -190 0
-61 -191 0
-62 -192 0
-63 -193 0
-64 -194 0
-65 -195 0
-53 -196 0
-54 -197 0
-55 -198 0
-56 -199 0
-57 -200 0
-58 -201 0
-59 -202 0
-60 -203 0
-61 -204 0
-62 -205 0
-63 -206 0
-64 -207 0
-65 -208 0
-53 -209 0
-54 -210 0
-55 -211 0
-56 -212 0
-57 -213 0
-58 -214 0
-59 -215 0
-60 -216 0
-61 -217 0
-62 -218 0
-63 -219 0
-64 -220 0
-65 -221 0
-53 -235 0
-54 -236 0
-55 -237 0
-56 -238 0
-57 -239 0
-58 -240 0
-59 -241 0
-60 -242 0
-61 -243 0
-62 -244 0
-63 -245 0
-64 -246 0
-65 -247 0
78 77 76 75 74 73 72 71 70 69 68 67 66 0
-66 -67 0
-66 -68 0
-66 -69 0
-66 -70 0
-66 -71 0
-66 -72 0
-66 -73 0
-66 -74 0
-66 -75 0
-66 -76 0
-66 -77 0
-66 -78 0
-67 -68 0
-67 -69 0
-67 -70 0
-67 -71 0
-67 -72 0
-67 -73 0
-67 -74 0
-67 -75 0
-67 -76 0
-67 -77 0
-67 -78 0
-68 -69 0
-68 -70 0
-68 -71 0
-68 -72 0
-68 -73 0
-68 -74 0
-68 -75 0
-68 -76 0
-68 -77 0
-68 -78 0
-69 -70 0
-69 -71 0
-69 -72 0
-69 -73 0
-69 -74 0
-69 -75 0
-69 -76 0
-69 -77 0
-69 -78 0
-70 -71 0
-70 -72 0
-70 -73 0
-70 -74 0
-70 -75 0
-70 -76 0
-70 -77 0
-70 -78 0
-71 -72 0
-71 -73 0
-71 -74 0
-71 -75 0
-71 -76 0
-71 -77 0
-71 -78 0
-72 -73 0
-72 -74 0
-72 -75 0
-72 -76 0
-72 -77 0
-72 -78 0
-73 -74 0
-73 -75 0
-73 -76 0
-73 -77 0
-73 -78 0
-74 -75 0
-74 -76 0
-74 -77 0
-74 -78 0
-75 -76 0
-75 -77 0
-75 -78 0
-76 -77 0
-76 -78 0
-77 -78 0
-66 -1 0
-67 -2 0
-68 -3 0
-69 -4 0
-70 -5 0
-71 -6 0
-72 -7 0
-73 -8 0
-74 -9 0
-75 -10 0
-76 -11 0
-77 -12 0
-78 -13 0
-66 -40 0
-67 -41 0
-68 -42 0
-69 -43 0
-70 -44 0
-71 -45 0
-72 -46 0
-73 -47 0
-74 -48 0
-75 -49 0
-76 -50 0
-77 -51 0
-78 -52 0
-66 -79 0
-67 -80 0
-68 -81 0
-69 -82 0
-70 -83 0
-71 -84 0
-72 -85 0
-73 -86 0
-74 -87 0
-75 -88 0
-76 -89 0
-77 -90 0
-78 -91 0
-66 -92 0
-67 -93 0
-68 -94 0
-69 -95 0
-70 -96 0
-71 -97 0
-72 -98 0
-73 -99 0
-74 -100 0
-75 -101 0
-76 -102 0
-77 -103 0
-78 -104 0
-66 -105 0
-67 -106 0
-68 -107 0
-69 -108 0
-70 -109 0
-71 -110 0
-72 -111 0
-73 -112 0
-74 -113 0
-75 -114 0
-76 -115 0
-77 -116 0
-78 -117 0
-66 -118 0
-67 -119 0
-68 -120 0
-69 -121 0
-70 -122 0
-71 -123 0
-72 -124 0
-73 -125 0
-74 -126 0
-75 -127 0
-76 -128 0
-77 -129 0
-78 -130 0
-66 -131 0
-67 -132 0
-68 -133 0
-69 -134 0
-70 -135 0
-71 -136 0
-72 -137 0
-73 -138 0
-74 -139 0
-75 -140 0
-76 -141 0
-77 -142 0
-78 -143 0
-66 -144 0
-67 -145 0
-68 -146 0
-69 -147 0
-70 -148 0
-71 -149 0
-72 -150 0
-73 -151 0
-74 -152 0
-75 -153 0
-76 -154 0
-77 -155 0
-78 -156 0
-66 -170 0
-67 -171 0
-68 -172 0
-69 -173 0
-70 -174 0
-71 -175 0
-72 -176 0
-73 -177 0
-74 -178 0
-75 -179 0
-76 -180 0
-77 -181 0
-78 -182 0
-66 -209 0
-67 -210 0
-68 -211 0
-69 -212 0
-70 -213 0
-71 -214 0
-72 -215 0
-73 -216 0
-74 -217 0
-75 -218 0
-76 -219 0
-77 -220 0
-78 -221 0
-66 -235 0
-67 -236 0
-68 -237 0
-69 -238 0
-70 -239 0
-71 -240 0
-72 -241 0
-73 -242 0
-74 -243 0
-75 -244 0
-76 -245 0
-77 -246 0
-78 -247 0
-66 -248 0
-67 -249 0
-68 -250 0
-69 -251 0
-70 -252 0
-71 -253 0
-72 -254 0
-73 -255 0
-74 -256 0
-75 -257 0
-76 -258 0
-77 -259 0
-78 -260 0
91 90 89 88 87 86 85 84 83 82 81 80 79 0
-79 -80 0
-79 -81 0
-79 -82 0
-79 -83 0
-79 -84 0
-79 -85 0
-79 -86 0
-79 -87 0
-79 -88 0
-79 -89 0
-79 -90 0
-79 -91 0
-80 -81 0
-80 -82 0
-80 -83 0
-80 -84 0
-80 -85 0
-80 -86 0
-80 -87 0
-80 -88 0
-80 -89 0
-80 -90 0
-80 -91 0
-81 -82 0
-81 -83 0
-81 -84 0
-81 -85 0
-81 -86 0
-81 -87 0
-81 -88 0
-81 -89 0
-81 -90 0
-81 -91 0
-82 -83 0
-82 -84 0
-82 -85 0
-82 -86 0
-82 -87 0
-82 -88 0
-82 -89 0
-82 -90 0
-82 -91 0
-83 -84 0
-83 -85 0
-83 -86 0
-83 -87 0
-83 -88 0
-83 -89 0
-83 -90 0
-83 -91 0
-84 -85 0
-84 -86 0
-84 -87 0
-84 -88 0
-84 -89 0
-84 -90 0
-84 -91 0
-85 -86 0
-85 -87 0
-85 -88 0
-85 -89 0
-85 -90 0
-85 -91 0
-86 -87 0
-86 -88 0
-86 -89 0
-86 -90 0
-86 -91 0
-87 -88 0
-87 -89 0
-87 -90 0
-87 -91 0
-88 -89 0
-88 -90 0
-88 -91 0
-89 -90 0
-89 -91 0
-90 -91 0
-79 -27 0
-80 -28 0
-81 -29 0
-82 -30 0
-83 -31 0
-84 -32 0
-85 -33 0
-86 -34 0
-87 -35 0
-88 -36 0
-89 -37 0
-90 -38 0
-91 -39 0
-79 -53 0
-80 -54 0
-81 -55 0
-82 -56 0
-83 -57 0
-84 -58 0
-85 -59 0
-86 -60 0
-87 -61 0
-88 -62 0
-89 -63 0
-90 -64 0
-91 -65 0
-79 -66 0
-80 -67 0
-81 -68 0
-82 -69 0
-83 -70 0
-84 -71 0
-85 -72 0
-86 -73 0
-87 -74 0
-88 -75 0
-89 -76 0
-90 -77 0
-91 -78 0
-79 -105 0
-80 -106 0
-81 -107 0
-82 -108 0
-83 -109 0
-84 -110 0
-85 -111 0
-86 -112 0
-87 -113 0
-88 -114 0
-89 -115 0
-90 -116 0
-91 -117 0
-79 -118 0
-80 -119 0
-81 -120 0
-82 -121 0
-83 -122 0
-84 -123 0
-85 -124 0
-86 -125 0
-87 -126 0
-88 -127 0
-89 -128 0
-90 -129 0
-91 -130 0
-79 -144 0
-80 -145 0
-81 -146 0
-82 -147 0
-83 -148 0
-84 -149 0
-85 -150 0
-86 -151 0
-87 -152 0
-88 -153 0
-89 -154 0
-90 -155 0
-91 -156 0
-79 -157 0
-80 -158 0
-81 -159 0
-82 -160 0
-83 -161 0
-84 -162 0
-85 -163 0
-86 -164 0
-87 -165 0
-88 -166 0
-89 -167 0
-90 -168 0
-91 -169 0
104 103 102 101 100 99 98 97 96 95 94 93 92 0
-92 -93 0
-92 -94 0
-92 -95 0
-92 -96 0
-92 -97 0
-92 -98 0
-92 -99 0
-92 -100 0
-92 -101 0
-92 -102 0
-92 -103 0
-92 -104 0
-93 -94 0
-93 -95 0
-93 -96 0
-93 -97 0
-93 -98 0
-93 -99 0
-93 -100 0
-93 -101 0
-93 -102 0
-93 -103 0
-93 -104 0
-94 -95 0
-94 -96 0
-94 -97 0
-94 -98 0
-94 -99 0
-94 -100 0
-94 -101 0
-94 -102 0
-94 -103 0
-94 -104 0
-95 -96 0
-95 -97 0
-95 -98 0
-95 -99 0
-95 -100 0
-95 -101 0
-95 -102 0
-95 -103 0
-95 -104 0
-96 -97 0
-96 -98 0
-96 -99 0
-96 -100 0
-96 -101 0
-96 -102 0
-96 -103 0
-96 -104 0
-97 -98 0
-97 -99 0
-97 -100 0
-97 -101 0
-97 -102 0
-97 -103 0
-97 -104 0
-98 -99 0
-98 -100 0
-98 -101 0
-98 -102 0
-98 -103 0
-98 -104 0
-99 -100 0
-99 -101 0
-99 -102 0
-99 -103 0
-99 -104 0
-100 -101 0
-100 -102 0
-100 -103 0
-100 -104 0
-101 -102 0
-101 -103 0
-101 -104 0
-102 -103 0
-102 -104 0
-103 -104 0
-92 -14 0
-93 -15 0
-94 -16 0
-95 -17 0
-96 -18 0
-97 -19 0
-98 -20 0
-99 -21 0
-100 -22 0
-101 -23 0
-102 -24 0
-103 -25 0
-104 -26 0
-92 -27 0
-93 -28 0
-94 -29 0
-95 -30 0
-96 -31 0
-97 -32 0
-98 -33 0
-99 -34 0
-100 -35 0
-101 -36 0
-102 -37 0
-103 -38 0
-104 -39 0
-92 -53 0
-93 -54 0
-94 -55 0
-95 -56 0
-96 -57 0
-97 -58 0
-98 -59 0
-99 -60 0
-100 -61 0
-101 -62 0
-102 -63 0
-103 -64 0
-104 -65 0
-92 -66 0
-93 -67 0
-94 -68 0
-95 -69 0
-96 -70 0
-97 -71 0
-98 -72 0
-99 -73 0
-100 -74 0
-101 -75 0
-102 -76 0
-103 -77 0
-104 -78 0
-92 -144 0
-93 -145 0
-94 -146 0
-95 -147 0
-96 -148 0
-97 -149 0
-98 -150 0
-99 -151 0
-100 -152 0
-101 -153 0
-102 -154 0
-103 -155 0
-104 -156 0
-92 -170 0
-93 -171 0
-94 -172 0
-95 -173 0
-96 -174 0
-97 -175 0
-98 -176 0
-99 -177 0
-100 -178 0
-101 -179 0
-102 -180 0
-103 -181 0
-104 -182 0
-92 -196 0
-93 -197 0
-94 -198 0
-95 -199 0
-96 -200 0
-97 -201 0
-98 -202 0
-99 -203 0
-100 -204 0
-101 -205 0
-102 -206 0
-103 -207 0
-104 -208 0
-92 -209 0
-93 -210 0
-94 -211 0
-95 -212 0
-96 -213 0
-97 -214 0
-98 -215 0
-99 -216 0
-100 -217 0
-101 -218 0
-102 -219 0
-103 -220 0
-104 -221 0
-92 -235 0
-93 -236 0
-94 -237 0
-95 -238 0
-96 -239 0
-97 -240 0
-98 -241 0
-99 -242 0
-100 -243 0
-101 -244 0
-102 -245 0
-103 -246 0
-104 -247 0
-92 -248 0
-93 -249 0
-94 -250 0
-95 -251 0
-96 -252 0
-97 -253 0
-98 -254 0
-99 -255 0
-100 -256 0
-101 -257 0
-102 -258 0
-103 -259 0
-104 -260 0
117 116 115 114 113 112 111 110 109 108 107 106 105 0
-105 -106 0
-105 -107 0
-105 -108 0
-105 -109 0
-105 -110 0
-105 -111 0
-105 -112 0
-105 -113 0
-105 -114 0
-105 -115 0
-105 -116 0
-105 -117 0
-106 -107 0
-106 -108 0
-106 -109 0
-106 -110 0
-106 -111 0
-106 -112 0
-106 -113 0
-106 -114 0
-106 -115 0
-106 -116 0
-106 -117 0
-107 -108 0
-107 -109 0
-107 -110 0
-107 -111 0
-107 -112 0
-107 -113 0
-107 -114 0
-107 -115 0
-107 -116 0
-107 -117 0
-108 -109 0
-108 -110 0
-108 -111 0
-108 -112 0
-108 -113 0
-108 -114 0
-108 -115 0
-108 -116 0
-108 -117 0
-109 -110 0
-109 -111 0
-109 -112 0
-109 -113 0
-109 -114 0
-109 -115 0
-109 -116 0
-109 -117 0
-110 -111 0
-110 -112 0
-110 -113 0
-110 -114 0
-110 -115 0
-110 -116 0
-110 -117 0
-111 -112 0
-111 -113 0
-111 -114 0
-111 -115 0
-111 -116 0
-111 -117 0
-112 -113 0
-112 -114 0
-112 -115 0
-112 -116 0
-112 -117 0
-113 -114 0
-113 -115 0
-113 -116 0
-113 -117 0
-114 -115 0
-114 -116 0
-114 -117 0
-115 -116 0
-115 -117 0
-116 -117 0
-105 -14 0
-106 -15 0
-107 -16 0
-108 -17 0
-109 -18 0
-110 -19 0
-111 -20 0
-112 -21 0
-113 -22 0
-114 -23 0
-115 -24 0
-116 -25 0
-117 -26 0
-105 -27 0
-106 -28 0
-107 -29 0
-108 -30 0
-109 -31 0
-110 -32 0
-111 -33 0
-112 -34 0
-113 -35 0
-114 -36 0
-115 -37 0
-116 -38 0
-117 -39 0
-105 -66 0
-106 -67 0
-107 -68 0
-108 -69 0
-109 -70 0
-110 -71 0
-111 -72 0
-112 -73 0
-113 -74 0
-114 -75 0
-115 -76 0
-116 -77 0
-117 -78 0
-105 -79 0
-106 -80 0
-107 -81 0
-108 -82 0
-109 -83 0
-110 -84 0
-111 -85 0
-112 -86 0
-113 -87 0
-114 -88 0
-115 -89 0
-116 -90 0
-117 -91 0
-105 -157 0
-106 -158 0
-107 -159 0
-108 -160 0
-109 -161 0
-110 -162 0
-111 -163 0
-112 -164 0
-113 -165 0
-114 -166 0
-115 -167 0
-116 -168 0
-117 -169 0
-105 -183 0
-106 -184 0
-107 -185 0
-108 -186 0
-109 -187 0
-110 -188 0
-111 -189 0
-112 -190 0
-113 -191 0
-114 -192 0
-115 -193 0
-116 -194 0
-117 -195 0
-105 -222 0
-106 -223 0
-107 -224 0
-108 -225 0
-109 -226 0
-110 -227 0
-111 -228 0
-112 -229 0
-113 -230 0
-114 -231 0
-115 -232 0
-116 -233 0
-117 -234 0
-105 -248 0
-106 -249 0
-107 -250 0
-108 -251 0
-109 -252 0
-110 -253 0
-111 -254 0
-112 -255 0
-113 -256 0
-114 -257 0
-115 -258 0
-116 -259 0
-117 -260 0
130 129 128 127 126 125 124 123 122 121 120 119 118 0
-118 -119 0
-118 -120 0
-118 -121 0
-118 -122 0
-118 -123 0
-118 -124 0
-118 -125 0
-118 -126 0
-118 -127 0
-118 -128 0
-118 -129 0
-118 -130 0
-119 -120 0
-119 -121 0
-119 -122 0
-119 -123 0
-119 -124 0
-119 -125 0
-119 -126 0
-119 -127 0
-119 -128 0
-119 -129 0
-119 -130 0
-120 -121 0
-120 -122 0
-120 -123 0
-120 -124 0
-120 -125 0
-120 -126 0
-120 -127 0
-120 -128 0
-120 -129 0
-120 -130 0
-121 -122 0
-121 -123 0
-121 -124 0
-121 -125 0
-121 -126 0
-121 -127 0
-121 -128 0
-121 -129 0
-121 -130 0
-122 -123 0
-122 -124 0
-122 -125 0
-122 -126 0
-122 -127 0
-122 -128 0
-122 -129 0
-122 -130 0
-123 -124 0
-123 -125 0
-123 -126 0
-123 -127 0
-123 -128 0
-123 -129 0
-123 -130 0
-124 -125 0
-124 -126 0
-124 -127 0
-124 -128 0
-124 -129 0
-124 -130 0
-125 -126 0
-125 -127 0
-125 -128 0
-125 -129 0
-125 -130 0
-126 -127 0
-126 -128 0
-126 -129 0
-126 -130 0
-127 -128 0
-127 -129 0
-127 -130 0
-128 -129 0
-128 -130 0
-129 -130 0
-118 -1 0
-119 -2 0
-120 -3 0
-121 -4 0
-122 -5 0
-123 -6 0
-124 -7 0
-125 -8 0
-126 -9 0
-127 -10 0
-128 -11 0
-129 -12 0
-130 -13 0
-118 -27 0
-119 -28 0
-120 -29 0
-121 -30 0
-122 -31 0
-123 -32 0
-124 -33 0
-125 -34 0
-126 -35 0
-127 -36 0
-128 -37 0
-129 -38 0
-130 -39 0
-118 -40 0
-119 -41 0
-120 -42 0
-121 -43 0
-122 -44 0
-123 -45 0
-124 -46 0
-125 -47 0
-126 -48 0
-127 -49 0
-128 -50 0
-129 -51 0
-130 -52 0
-118 -66 0
-119 -67 0
-120 -68 0
-121 -69 0
-122 -70 0
-123 -71 0
-124 -72 0
-125 -73 0
-126 -74 0
-127 -75 0
-128 -76 0
-129 -77 0
-130 -78 0
-118 -79 0
-119 -80 0
-120 -81 0
-121 -82 0
-122 -83 0
-123 -84 0
-124 -85 0
-125 -86 0
-126 -87 0
-127 -88 0
-128 -89 0
-129 -90 0
-130 -91 0
-118 -131 0
-119 -132 0
-120 -133 0
-121 -134 0
-122 -135 0
-123 -136 0
-124 -137 0
-125 -138 0
-126 -139 0
-127 -140 0
-128 -141 0
-129 -142 0
-130 -143 0
-118 -170 0
-119 -171 0
-120 -172 0
-121 -173 0
-122 -174 0
-123 -175 0
-124 -176 0
-125 -177 0
-126 -178 0
-127 -179 0
-128 -180 0
-129 -181 0
-130 -182 0
-118 -196 0
-119 -197 0
-120 -198 0
-121 -199 0
-122 -200 0
-123 -201 0
-124 -202 0
-125 -203 0
-126 -204 0
-127 -205 0
-128 -206 0
-129 -207 0
-130 -208 0
143 142 141 140 139 138 137 136 135 134 133 132 131 0
-131 -132 0
-131 -133 0
-131 -134 0
-131 -135 0
-131 -136 0
-131 -137 0
-131 -138 0
-131 -139 0
-131 -140 0
-131 -141 0
-131 -142 0
-131 -143 0
-132 -133 0
-132 -134 0
-132 -135 0
-132 -136 0
-132 -137 0
-132 -138 0
-132 -139 0
-132 -140 0
-132 -141 0
-132 -142 0
-132 -143 0
-133 -134 0
-133 -135 0
-133 -136 0
-133 -137 0
-133 -138 0
-133 -139 0
-133 -140 0
-133 -141 0
-133 -142 0
-133 -143 0
-134 -135 0
-134 -136 0
-134 -137 0
-134 -138 0
-134 -139 0
-134 -140 0
-134 -141 0
-134 -142 0
-134 -143 0
-135 -136 0
-135 -137 0
-135 -138 0
-135 -139 0
-135 -140 0
-135 -141 0
-135 -142 0
-135 -143 0
-136 -137 0
-136 -138 0
-136 -139 0
-136 -140 0
-136 -141 0
-136 -142 0
-136 -143 0
-137 -138 0
-137 -139 0
-137 -140 0
-137 -141 0
-137 -142 0
-137 -143 0
-138 -139 0
-138 -140 0
-138 -141 0
-138 -142 0
-138 -143 0
-139 -140 0
-139 -141 0
-139 -142 0
-139 -143 0
-140 -141 0
-140 -142 0
-140 -143 0
-141 -142 0
-141 -143 0
-142 -143 0
-131 -53 0
-132 -54 0
-133 -55 0
-134 -56 0
-135 -57 0
-136 -58 0
-137 -59 0
-138 -60 0
-139 -61 0
-140 -62 0
-141 -63 0
-142 -64 0
-143 -65 0
-131 -66 0
-132 -67 0
-133 -68 0
-134 -69 0
-135 -70 0
-136 -71 0
-137 -72 0
-138 -73 0
-139 -74 0
-140 -75 0
-141 -76 0
-142 -77 0
-143 -78 0
-131 -118 0
-132 -119 0
-133 -120 0
-134 -121 0
-135 -122 0
-136 -123 0
-137 -124 0
-138 -125 0
-139 -126 0
-140 -127 0
-141 -128 0
-142 -129 0
-143 -130 0
-131 -144 0
-132 -145 0
-133 -146 0
-134 -147 0
-135 -148 0
-136 -149 0
-137 -150 0
-138 -151 0
-139 -152 0
-140 -153 0
-141 -154 0
-142 -155 0
-143 -156 0
-131 -157 0
-132 -158 0
-133 -159 0
-134 -160 0
-135 -161 0
-136 -162 0
-137 -163 0
-138 -164 0
-139 -165 0
-140 -166 0
-141 -167 0
-142 -168 0
-143 -169 0
-131 -170 0
-132 -171 0
-133 -172 0
-134 -173 0
-135 -174 0
-136 -175 0
-137 -176 0
-138 -177 0
-139 -178 0
-140 -179 0
-141 -180 0
-142 -181 0
-143 -182 0
-131 -183 0
-132 -184 0
-133 -185 0
-134 -186 0
-135 -187 0
-136 -188 0
-137 -189 0
-138 -190 0
-139 -191 0
-140 -192 0
-141 -193 0
-142 -194 0
-143 -195 0
-131 -196 0
-132 -197 0
-133 -198 0
-134 -199 0
-135 -200 0
-136 -201 0
-137 -202 0
-138 -203 0
-139 -204 0
-140 -205 0
-141 -206 0
-142 -207 0
-143 -208 0
-131 -209 0
-132 -210 0
-133 -211 0
-134 -212 0
-135 -213 0
-136 -214 0
-137 -215 0
-138 -216 0
-139 -217 0
-140 -218 0
-141 -219 0
-142 -220 0
-143 -221 0
-131 -222 0
-132 -223 0
-133 -224 0
-134 -225 0
-135 -226 0
-136 -227 0
-137 -228 0
-138 -229 0
-139 -230 0
-140 -231 0
-141 -232 0
-142 -233 0
-143 -234 0
156 155 154 153 152 151 150 149 148 147 146 145 144 0
-144 -145 0
-144 -146 0
-144 -147 0
-144 -148 0
-144 -149 0
-144 -150 0
-144 -151 0
-144 -152 0
-144 -153 0
-144 -154 0
-144 -155 0
-144 -156 0
-145 -146 0
-145 -147 0
-145 -148 0
-145 -149 0
-145 -150 0
-145 -151 0
-145 -152 0
-145 -153 0
-145 -154 0
-145 -155 0
-145 -156 0
-146 -147 0
-146 -148 0
-146 -149 0
-146 -150 0
-146 -151 0
-146 -152 0
-146 -153 0
-146 -154 0
-146 -155 0
-146 -156 0
-147 -148 0
-147 -149 0
-147 -150 0
-147 -151 0
-147 -152 0
-147 -153 0
-147 -154 0
-147 -155 0
-147 -156 0
-148 -149 0
-148 -150 0
-148 -151 0
-148 -152 0
-148 -153 0
-148 -154 0
-148 -155 0
-148 -156 0
-149 -150 0
-149 -151 0
-149 -152 0
-149 -153 0
-149 -154 0
-149 -155 0
-149 -156 0
-150 -151 0
-150 -152 0
-150 -153 0
-150 -154 0
-150 -155 0
-150 -156 0
-151 -152 0
-151 -153 0
-151 -154 0
-151 -155 0
-151 -156 0
-152 -153 0
-152 -154 0
-152 -155 0
-152 -156 0
-153 -154 0
-153 -155 0
-153 -156 0
-154 -155 0
-154 -156 0
-155 -156 0
-144 -14 0
-145 -15 0
-146 -16 0
-147 -17 0
-148 -18 0
-149 -19 0
-150 -20 0
-151 -21 0
-152 -22 0
-153 -23 0
-154 -24 0
-155 -25 0
-156 -26 0
-144 -27 0
-145 -28 0
-146 -29 0
-147 -30 0
-148 -31 0
-149 -32 0
-150 -33 0
-151 -34 0
-152 -35 0
-153 -36 0
-154 -37 0
-155 -38 0
-156 -39 0
-144 -66 0
-145 -67 0
-146 -68 0
-147 -69 0
-148 -70 0
-149 -71 0
-150 -72 0
-151 -73 0
-152 -74 0
-153 -75 0
-154 -76 0
-155 -77 0
-156 -78 0
-144 -79 0
-145 -80 0
-146 -81 0
-147 -82 0
-148 -83 0
-149 -84 0
-150 -85 0
-151 -86 0
-152 -87 0
-153 -88 0
-154 -89 0
-155 -90 0
-156 -91 0
-144 -92 0
-145 -93 0
-146 -94 0
-147 -95 0
-148 -96 0
-149 -97 0
-150 -98 0
-151 -99 0
-152 -100 0
-153 -101 0
-154 -102 0
-155 -103 0
-156 -104 0
-144 -131 0
-145 -132 0
-146 -133 0
-147 -134 0
-148 -135 0
-149 -136 0
-150 -137 0
-151 -138 0
-152 -139 0
-153 -140 0
-154 -141 0
-155 -142 0
-156 -143 0
-144 -170 0
-145 -171 0
-146 -172 0
-147 -173 0
-148 -174 0
-149 -175 0
-150 -176 0
-151 -177 0
-152 -178 0
-153 -179 0
-154 -180 0
-155 -181 0
-156 -182 0
-144 -196 0
-145 -197 0
-146 -198 0
-147 -199 0
-148 -200 0
-149 -201 0
-150 -202 0
-151 -203 0
-152 -204 0
-153 -205 0
-154 -206 0
-155 -207 0
-156 -208 0
-144 -209 0
-145 -210 0
-146 -211 0
-147 -212 0
-148 -213 0
-149 -214 0
-150 -215 0
-151 -216 0
-152 -217 0
-153 -218 0
-154 -219 0
-155 -220 0
-156 -221 0
-144 -235 0
-145 -236 0
-146 -237 0
-147 -238 0
-148 -239 0
-149 -240 0
-150 -241 0
-151 -242 0
-152 -243 0
-153 -244 0
-154 -245 0
-155 -246 0
-156 -247 0
-144 -248 0
-145 -249 0
-146 -250 0
-147 -251 0
-148 -252 0
-149 -253 0
-150 -254 0
-151 -255 0
-152 -256 0
-153 -257 0
-154 -258 0
-155 -259 0
-156 -260 0
169 168 167 166 165 164 163 162 161 160 159 158 157 0
-157 -158 0
-157 -159 0
-157 -160 0
-157 -161 0
-157 -162 0
-157 -163 0
-157 -164 0
-157 -165 0
-157 -166 0
-157 -167 0
-157 -168 0
-157 -169 0
-158 -159 0
-158 -160 0
-158 -161 0
-158 -162 0
-158 -163 0
-158 -164 0
-158 -165 0
-158 -166 0
-158 -167 0
-158 -168 0
-158 -169 0
-159 -160 0
-159 -161 0
-159 -162 0
-159 -163 0
-159 -164 0
-159 -165 0
-159 -166 0
-159 -167 0
-159 -168 0
-159 -169 0
-160 -161 0
-160 -162 0
-160 -163 0
-160 -164 0
-160 -165 0
-160 -166 0
-160 -167 0
-160 -168 0
-160 -169 0
-161 -162 0
-161 -163 0
-161 -164 0
-161 -165 0
-161 -166 0
-161 -167 0
-161 -168 0
-161 -169 0
-162 -163 0
-162 -164 0
-162 -165 0
-162 -166 0
-162 -167 0
-162 -168 0
-162 -169 0
-163 -164 0
-163 -165 0
-163 -166 0
-163 -167 0
-163 -168 0
-163 -169 0
-164 -165 0
-164 -166 0
-164 -167 0
-164 -168 0
-164 -169 0
-165 -166 0
-165 -167 0
-165 -168 0
-165 -169 0
-166 -167 0
-166 -168 0
-166 -169 0
-167 -168 0
-167 -169 0
-168 -169 0
-157 -27 0
-158 -28 0
-159 -29 0
-160 -30 0
-161 -31 0
-162 -32 0
-163 -33 0
-164 -34 0
-165 -35 0
-166 -36 0
-167 -37 0
-168 -38 0
-169 -39 0
-157 -79 0
-158 -80 0
-159 -81 0
-160 -82 0
-161 -83 0
-162 -84 0
-163 -85 0
-164 -86 0
-165 -87 0
-166 -88 0
-167 -89 0
-168 -90 0
-169 -91 0
-157 -105 0
-158 -106 0
-159 -107 0
-160 -108 0
-161 -109 0
-162 -110 0
-163 -111 0
-164 -112 0
-165 -113 0
-166 -114 0
-167 -115 0
-168 -116 0
-169 -117 0
-157 -131 0
-158 -132 0
-159 -133 0
-160 -134 0
-161 -135 0
-162 -136 0
-163 -137 0
-164 -138 0
-165 -139 0
-166 -140 0
-167 -141 0
-168 -142 0
-169 -143 0
-157 -196 0
-158 -197 0
-159 -198 0
-160 -199 0
-161 -200 0
-162 -201 0
-163 -202 0
-164 -203 0
-165 -204 0
-166 -205 0
-167 -206 0
-168 -207 0
-169 -208 0
-157 -222 0
-158 -223 0
-159 -224 0
-160 -225 0
-161 -226 0
-162 -227 0
-163 -228 0
-164 -229 0
-165 -230 0
-166 -231 0
-167 -232 0
-168 -233 0
-169 -234 0
182 181 180 179 178 177 176 175 174 173 172 171 170 0
-170 -171 0
-170 -172 0
-170 -173 0
-170 -174 0
-170 -175 0
-170 -176 0
-170 -177 0
-170 -178 0
-170 -179 0
-170 -180 0
-170 -181 0
-170 -182 0
-171 -172 0
-171 -173 0
-171 -174 0
-171 -175 0
-171 -176 0
-171 -177 0
-171 -178 0
-171 -179 0
-171 -180 0
-171 -181 0
-171 -182 0
-172 -173 0
-172 -174 0
-172 -175 0
-172 -176 0
-172 -177 0
-172 -178 0
-172 -179 0
-172 -180 0
-172 -181 0
-172 -182 0
-173 -174 0
-173 -175 0
-173 -176 0
-173 -177 0
-173 -178 0
-173 -179 0
-173 -180 0
-173 -181 0
-173 -182 0
-174 -175 0
-174 -176 0
-174 -177 0
-174 -178 0
-174 -179 0
-174 -180 0
-174 -181 0
-174 -182 0
-175 -176 0
-175 -177 0
-175 -178 0
-175 -179 0
-175 -180 0
-175 -181 0
-175 -182 0
-176 -177 0
-176 -178 0
-176 -179 0
-176 -180 0
-176 -181 0
-176 -182 0
-177 -178 0
-177 -179 0
-177 -180 0
-177 -181 0
-177 -182 0
-178 -179 0
-178 -180 0
-178 -181 0
-178 -182 0
-179 -180 0
-179 -181 0
-179 -182 0
-180 -181 0
-180 -182 0
-181 -182 0
-170 -27 0
-171 -28 0
-172 -29 0
-173 -30 0
-174 -31 0
-175 -32 0
-176 -33 0
-177 -34 0
-178 -35 0
-179 -36 0
-180 -37 0
-181 -38 0
-182 -39 0
-170 -40 0
-171 -41 0
-172 -42 0
-173 -43 0
-174 -44 0
-175 -45 0
-176 -46 0
-177 -47 0
-178 -48 0
-179 -49 0
-180 -50 0
-181 -51 0
-182 -52 0
-170 -66 0
-171 -67 0
-172 -68 0
-173 -69 0
-174 -70 0
-175 -71 0
-176 -72 0
-177 -73 0
-178 -74 0
-179 -75 0
-180 -76 0
-181 -77 0
-182 -78 0
-170 -92 0
-171 -93 0
-172 -94 0
-173 -95 0
-174 -96 0
-175 -97 0
-176 -98 0
-177 -99 0
-178 -100 0
-179 -101 0
-180 -102 0
-181 -103 0
-182 -104 0
-170 -118 0
-171 -119 0
-172 -120 0
-173 -121 0
-174 -122 0
-175 -123 0
-176 -124 0
-177 -125 0
-178 -126 0
-179 -127 0
-180 -128 0
-181 -129 0
-182 -130 0
-170 -131 0
-171 -132 0
-172 -133 0
-173 -134 0
-174 -135 0
-175 -136 0
-176 -137 0
-177 -138 0
-178 -139 0
-179 -140 0
-180 -141 0
-181 -142 0
-182 -143 0
-170 -144 0
-171 -145 0
-172 -146 0
-173 -147 0
-174 -148 0
-175 -149 0
-176 -150 0
-177 -151 0
-178 -152 0
-179 -153 0
-180 -154 0
-181 -155 0
-182 -156 0
195 194 193 192 191 190 189 188 187 186 185 184 183 0
-183 -184 0
-183 -185 0
-183 -186 0
-183 -187 0
-183 -188 0
-183 -189 0
-183 -190 0
-183 -191 0
-183 -192 0
-183 -193 0
-183 -194 0
-183 -195 0
-184 -185 0
-184 -186 0
-184 -187 0
-184 -188 0
-184 -189 0
-184 -190 0
-184 -191 0
-184 -192 0
-184 -193 0
-184 -194 0
-184 -195 0
-185 -186 0
-185 -187 0
-185 -188 0
-185 -189 0
-185 -190 0
-185 -191 0
-185 -192 0
-185 -193 0
-185 -194 0
-185 -195 0
-186 -187 0
-186 -188 0
-186 -189 0
-186 -190 0
-186 -191 0
-186 -192 0
-186 -193 0
-186 -194 0
-186 -195 0
-187 -188 0
-187 -189 0
-187 -190 0
-187 -191 0
-187 -192 0
-187 -193 0
-187 -194 0
-187 -195 0
-188 -189 0
-188 -190 0
-188 -191 0
-188 -192 0
-188 -193 0
-188 -194 0
-188 -195 0
-189 -190 0
-189 -191 0
-189 -192 0
-189 -193 0
-189 -194 0
-189 -195 0
-190 -191 0
-190 -192 0
-190 -193 0
-190 -194 0
-190 -195 0
-191 -192 0
-191 -193 0
-191 -194 0
-191 -195 0
-192 -193 0
-192 -194 0
-192 -195 0
-193 -194 0
-193 -195 0
-194 -195 0
-183 -1 0
-184 -2 0
-185 -3 0
-186 -4 0
-187 -5 0
-188 -6 0
-189 -7 0
-190 -8 0
-191 -9 0
-192 -10 0
-193 -11 0
-194 -12 0
-195 -13 0
-183 -27 0
-184 -28 0
-185 -29 0
-186 -30 0
-187 -31 0
-188 -32 0
-189 -33 0
-190 -34 0
-191 -35 0
-192 -36 0
-193 -37 0
-194 -38 0
-195 -39 0
-183 -53 0
-184 -54 0
-185 -55 0
-186 -56 0
-187 -57 0
-188 -58 0
-189 -59 0
-190 -60 0
-191 -61 0
-192 -62 0
-193 -63 0
-194 -64 0
-195 -65 0
-183 -105 0
-184 -106 0
-185 -107 0
-186 -108 0
-187 -109 0
-188 -110 0
-189 -111 0
-190 -112 0
-191 -113 0
-192 -114 0
-193 -115 0
-194 -116 0
-195 -117 0
-183 -131 0
-184 -132 0
-185 -133 0
-186 -134 0
-187 -135 0
-188 -136 0
-189 -137 0
-190 -138 0
-191 -139 0
-192 -140 0
-193 -141 0
-194 -142 0
-195 -143 0
-183 -196 0
-184 -197 0
-185 -198 0
-186 -199 0
-187 -200 0
-188 -201 0
-189 -202 0
-190 -203 0
-191 -204 0
-192 -205 0
-193 -206 0
-194 -207 0
-195 -208 0
208 207 206 205 204 203 202 201 200 199 198 197 196 0
-196 -197 0
-196 -198 0
-196 -199 0
-196 -200 0
-196 -201 0
-196 -202 0
-196 -203 0
-196 -204 0
-196 -205 0
-196 -206 0
-196 -207 0
-196 -208 0
-197 -198 0
-197 -199 0
-197 -200 0
-197 -201 0
-197 -202 0
-197 -203 0
-197 -204 0
-197 -205 0
-197 -206 0
-197 -207 0
-197 -208 0
-198 -199 0
-198 -200 0
-198 -201 0
-198 -202 0
-198 -203 0
-198 -204 0
-198 -205 0
-198 -206 0
-198 -207 0
-198 -208 0
-199 -200 0
-199 -201 0
-199 -202 0
-199 -203 0
-199 -204 0
-199 -205 0
-199 -206 0
-199 -207 0
-199 -208 0
-200 -201 0
-200 -202 0
-200 -203 0
-200 -204 0
-200 -205 0
-200 -206 0
-200 -207 0
-200 -208 0
-201 -202 0
-201 -203 0
-201 -204 0
-201 -205 0
-201 -206 0
-201 -207 0
-201 -208 0
-202 -203 0
-202 -204 0
-202 -205 0
-202 -206 0
-202 -207 0
-202 -208 0
-203 -204 0
-203 -205 0
-203 -206 0
-203 -207 0
-203 -208 0
-204 -205 0
-204 -206 0
-204 -207 0
-204 -208 0
-205 -206 0
-205 -207 0
-205 -208 0
-206 -207 0
-206 -208 0
-207 -208 0
-196 -40 0
-197 -41 0
-198 -42 0
-199 -43 0
-200 -44 0
-201 -45 0
-202 -46 0
-203 -47 0
-204 -48 0
-205 -49 0
-206 -50 0
-207 -51 0
-208 -52 0
-196 -53 0
-197 -54 0
-198 -55 0
-199 -56 0
-200 -57 0
-201 -58 0
-202 -59 0
-203 -60 0
-204 -61 0
-205 -62 0
-206 -63 0
-207 -64 0
-208 -65 0
-196 -92 0
-197 -93 0
-198 -94 0
-199 -95 0
-200 -96 0
-201 -97 0
-202 -98 0
-203 -99 0
-204 -100 0
-205 -101 0
-206 -102 0
-207 -103 0
-208 -104 0
-196 -118 0
-197 -119 0
-198 -120 0
-199 -121 0
-200 -122 0
-201 -123 0
-202 -124 0
-203 -125 0
-204 -126 0
-205 -127 0
-206 -128 0
-207 -129 0
-208 -130 0
-196 -131 0
-197 -132 0
-198 -133 0
-199 -134 0
-200 -135 0
-201 -136 0
-202 -137 0
-203 -138 0
-204 -139 0
-205 -140 0
-206 -141 0
-207 -142 0
-208 -143 0
-196 -144 0
-197 -145 0
-198 -146 0
-199 -147 0
-200 -148 0
-201 -149 0
-202 -150 0
-203 -151 0
-204 -152 0
-205 -153 0
-206 -154 0
-207 -155 0
-208 -156 0
-196 -157 0
-197 -158 0
-198 -159 0
-199 -160 0
-200 -161 0
-201 -162 0
-202 -163 0
-203 -164 0
-204 -165 0
-205 -166 0
-206 -167 0
-207 -168 0
-208 -169 0
-196 -183 0
-197 -184 0
-198 -185 0
-199 -186 0
-200 -187 0
-201 -188 0
-202 -189 0
-203 -190 0
-204 -191 0
-205 -192 0
-206 -193 0
-207 -194 0
-208 -195 0
221 220 219 218 217 216 215 214 213 212 211 210 209 0
-209 -210 0
-209 -211 0
-209 -212 0
-209 -213 0
-209 -214 0
-209 -215 0
-209 -216 0
-209 -217 0
-209 -218 0
-209 -219 0
-209 -220 0
-209 -221 0
-210 -211 0
-210 -212 0
-210 -213 0
-210 -214 0
-210 -215 0
-210 -216 0
-210 -217 0
-210 -218 0
-210 -219 0
-210 -220 0
-210 -221 0
-211 -212 0
-211 -213 0
-211 -214 0
-211 -215 0
-211 -216 0
-211 -217 0
-211 -218 0
-211 -219 0
-211 -220 0
-211 -221 0
-212 -213 0
-212 -214 0
-212 -215 0
-212 -216 0
-212 -217 0
-212 -218 0
-212 -219 0
-212 -220 0
-212 -221 0
-213 -214 0
-213 -215 0
-213 -216 0
-213 -217 0
-213 -218 0
-213 -219 0
-213 -220 0
-213 -221 0
-214 -215 0
-214 -216 0
-214 -217 0
-214 -218 0
-214 -219 0
-214 -220 0
-214 -221 0
-215 -216 0
-215 -217 0
-215 -218 0
-215 -219 0
-215 -220 0
-215 -221 0
-216 -217 0
-216 -218 0
-216 -219 0
-216 -220 0
-216 -221 0
-217 -218 0
-217 -219 0
-217 -220 0
-217 -221 0
-218 -219 0
-218 -220 0
-218 -221 0
-219 -220 0
-219 -221 0
-220 -221 0
-209 -1 0
-210 -2 0
-211 -3 0
-212 -4 0
-213 -5 0
-214 -6 0
-215 -7 0
-216 -8 0
-217 -9 0
-218 -10 0
-219 -11 0
-220 -12 0
-221 -13 0
-209 -27 0
-210 -28 0
-211 -29 0
-212 -30 0
-213 -31 0
-214 -32 0
-215 -33 0
-216 -34 0
-217 -35 0
-218 -36 0
-219 -37 0
-220 -38 0
-221 -39 0
-209 -40 0
-210 -41 0
-211 -42 0
-212 -43 0
-213 -44 0
-214 -45 0
-215 -46 0
-216 -47 0
-217 -48 0
-218 -49 0
-219 -50 0
-220 -51 0
-221 -52 0
-209 -53 0
-210 -54 0
-211 -55 0
-212 -56 0
-213 -57 0
-214 -58 0
-215 -59 0
-216 -60 0
-217 -61 0
-218 -62 0
-219 -63 0
-220 -64 0
-221 -65 0
-209 -66 0
-210 -67 0
-211 -68 0
-212 -69 0
-213 -70 0
-214 -71 0
-215 -72 0
-216 -73 0
-217 -74 0
-218 -75 0
-219 -76 0
-220 -77 0
-221 -78 0
-209 -92 0
-210 -93 0
-211 -94 0
-212 -95 0
-213 -96 0
-214 -97 0
-215 -98 0
-216 -99 0
-217 -100 0
-218 -101 0
-219 -102 0
-220 -103 0
-221 -104 0
-209 -131 0
-210 -132 0
-211 -133 0
-212 -134 0
-213 -135 0
-214 -136 0
-215 -137 0
-216 -138 0
-217 -139 0
-218 -140 0
-219 -141 0
-220 -142 0
-221 -143 0
-209 -144 0
-210 -145 0
-211 -146 0
-212 -147 0
-213 -148 0
-214 -149 0
-215 -150 0
-216 -151 0
-217 -152 0
-218 -153 0
-219 -154 0
-220 -155 0
-221 -156 0
-209 -222 0
-210 -223 0
-211 -224 0
-212 -225 0
-213 -226 0
-214 -227 0
-215 -228 0
-216 -229 0
-217 -230 0
-218 -231 0
-219 -232 0
-220 -233 0
-221 -234 0
-209 -235 0
-210 -236 0
-211 -237 0
-212 -238 0
-213 -239 0
-214 -240 0
-215 -241 0
-216 -242 0
-217 -243 0
-218 -244 0
-219 -245 0
-220 -246 0
-221 -247 0
-209 -248 0
-210 -249 0
-211 -250 0
-212 -251 0
-213 -252 0
-214 -253 0
-215 -254 0
-216 -255 0
-217 -256 0
-218 -257 0
-219 -258 0
-220 -259 0
-221 -260 0
234 233 232 231 230 229 228 227 226 225 224 223 222 0
-222 -223 0
-222 -224 0
-222 -225 0
-222 -226 0
-222 -227 0
-222 -228 0
-222 -229 0
-222 -230 0
-222 -231 0
-222 -232 0
-222 -233 0
-222 -234 0
-223 -224 0
-223 -225 0
-223 -226 0
-223 -227 0
-223 -228 0
-223 -229 0
-223 -230 0
-223 -231 0
-223 -232 0
-223 -233 0
-223 -234 0
-224 -225 0
-224 -226 0
-224 -227 0
-224 -228 0
-224 -229 0
-224 -230 0
-224 -231 0
-224 -232 0
-224 -233 0
-224 -234 0
-225 -226 0
-225 -227 0
-225 -228 0
-225 -229 0
-225 -230 0
-225 -231 0
-225 -232 0
-225 -233 0
-225 -234 0
-226 -227 0
-226 -228 0
-226 -229 0
-226 -230 0
-226 -231 0
-226 -232 0
-226 -233 0
-226 -234 0
-227 -228 0
-227 -229 0
-227 -230 0
-227 -231 0
-227 -232 0
-227 -233 0
-227 -234 0
-228 -229 0
-228 -230 0
-228 -231 0
-228 -232 0
-228 -233 0
-228 -234 0
-229 -230 0
-229 -231 0
-229 -232 0
-229 -233 0
-229 -234 0
-230 -231 0
-230 -232 0
-230 -233 0
-230 -234 0
-231 -232 0
-231 -233 0
-231 -234 0
-232 -233 0
-232 -234 0
-233 -234 0
-222 -1 0
-223 -2 0
-224 -3 0
-225 -4 0
-226 -5 0
-227 -6 0
-228 -7 0
-229 -8 0
-230 -9 0
-231 -10 0
-232 -11 0
-233 -12 0
-234 -13 0
-222 -105 0
-223 -106 0
-224 -107 0
-225 -108 0
-226 -109 0
-227 -110 0
-228 -111 0
-229 -112 0
-230 -113 0
-231 -114 0
-232 -115 0
-233 -116 0
-234 -117 0
-222 -131 0
-223 -132 0
-224 -133 0
-225 -134 0
-226 -135 0
-227 -136 0
-228 -137 0
-229 -138 0
-230 -139 0
-231 -140 0
-232 -141 0
-233 -142 0
-234 -143 0
-222 -157 0
-223 -158 0
-224 -159 0
-225 -160 0
-226 -161 0
-227 -162 0
-228 -163 0
-229 -164 0
-230 -165 0
-231 -166 0
-232 -167 0
-233 -168 0
-234 -169 0
-222 -209 0
-223 -210 0
-224 -211 0
-225 -212 0
-226 -213 0
-227 -214 0
-228 -215 0
-229 -216 0
-230 -217 0
-231 -218 0
-232 -219 0
-233 -220 0
-234 -221 0
-222 -248 0
-223 -249 0
-224 -250 0
-225 -251 0
-226 -252 0
-227 -253 0
-228 -254 0
-229 -255 0
-230 -256 0
-231 -257 0
-232 -258 0
-233 -259 0
-234 -260 0
247 246 245 244 243 242 241 240 239 238 237 236 235 0
-235 -236 0
-235 -237 0
-235 -238 0
-235 -239 0
-235 -240 0
-235 -241 0
-235 -242 0
-235 -243 0
-235 -244 0
-235 -245 0
-235 -246 0
-235 -247 0
-236 -237 0
-236 -238 0
-236 -239 0
-236 -240 0
-236 -241 0
-236 -242 0
-236 -243 0
-236 -244 0
-236 -245 0
-236 -246 0
-236 -247 0
-237 -238 0
-237 -239 0
-237 -240 0
-237 -241 0
-237 -242 0
-237 -243 0
-237 -244 0
-237 -245 0
-237 -246 0
-237 -247 0
-238 -239 0
-238 -240 0
-238 -241 0
-238 -242 0
-238 -243 0
-238 -244 0
-238 -245 0
-238 -246 0
-238 -247 0
-239 -240 0
-239 -241 0
-239 -242 0
-239 -243 0
-239 -244 0
-239 -245 0
-239 -246 0
-239 -247 0
-240 -241 0
-240 -242 0
-240 -243 0
-240 -244 0
-240 -245 0
-240 -246 0
-240 -247 0
-241 -242 0
-241 -243 0
-241 -244 0
-241 -245 0
-241 -246 0
-241 -247 0
-242 -243 0
-242 -244 0
-242 -245 0
-242 -246 0
-242 -247 0
-243 -244 0
-243 -245 0
-243 -246 0
-243 -247 0
-244 -245 0
-244 -246 0
-244 -247 0
-245 -246 0
-245 -247 0
-246 -247 0
-235 -1 0
-236 -2 0
-237 -3 0
-238 -4 0
-239 -5 0
-240 -6 0
-241 -7 0
-242 -8 0
-243 -9 0
-244 -10 0
-245 -11 0
-246 -12 0
-247 -13 0
-235 -27 0
-236 -28 0
-237 -29 0
-238 -30 0
-239 -31 0
-240 -32 0
-241 -33 0
-242 -34 0
-243 -35 0
-244 -36 0
-245 -37 0
-246 -38 0
-247 -39 0
-235 -40 0
-236 -41 0
-237 -42 0
-238 -43 0
-239 -44 0
-240 -45 0
-241 -46 0
-242 -47 0
-243 -48 0
-244 -49 0
-245 -50 0
-246 -51 0
-247 -52 0
-235 -53 0
-236 -54 0
-237 -55 0
-238 -56 0
-239 -57 0
-240 -58 0
-241 -59 0
-242 -60 0
-243 -61 0
-244 -62 0
-245 -63 0
-246 -64 0
-247 -65 0
-235 -66 0
-236 -67 0
-237 -68 0
-238 -69 0
-239 -70 0
-240 -71 0
-241 -72 0
-242 -73 0
-243 -74 0
-244 -75 0
-245 -76 0
-246 -77 0
-247 -78 0
-235 -92 0
-236 -93 0
-237 -94 0
-238 -95 0
-239 -96 0
-240 -97 0
-241 -98 0
-242 -99 0
-243 -100 0
-244 -101 0
-245 -102 0
-246 -103 0
-247 -104 0
-235 -144 0
-236 -145 0
-237 -146 0
-238 -147 0
-239 -148 0
-240 -149 0
-241 -150 0
-242 -151 0
-243 -152 0
-244 -153 0
-245 -154 0
-246 -155 0
-247 -156 0
-235 -209 0
-236 -210 0
-237 -211 0
-238 -212 0
-239 -213 0
-240 -214 0
-241 -215 0
-242 -216 0
-243 -217 0
-244 -218 0
-245 -219 0
-246 -220 0
-247 -221 0
260 259 258 257 256 255 254 253 252 251 250 249 248 0
-248 -249 0
-248 -250 0
-248 -251 0
-248 -252 0
-248 -253 0
-248 -254 0
-248 -255 0
-248 -256 0
-248 -257 0
-248 -258 0
-248 -259 0
-248 -260 0
-249 -250 0
-249 -251 0
-249 -252 0
-249 -253 0
-249 -254 0
-249 -255 0
-249 -256 0
-249 -257 0
-249 -258 0
-249 -259 0
-249 -260 0
-250 -251 0
-250 -252 0
-250 -253 0
-250 -254 0
-250 -255 0
-250 -256 0
-250 -257 0
-250 -258 0
-250 -259 0
-250 -260 0
-251 -252 0
-251 -253 0
-251 -254 0
-251 -255 0
-251 -256 0
-251 -257 0
-251 -258 0
-251 -259 0
-251 -260 0
-252 -253 0
-252 -254 0
-252 -255 0
-252 -256 0
-252 -257 0
-252 -258 0
-252 -259 0
-252 -260 0
-253 -254 0
-253 -255 0
-253 -256 0
-253 -257 0
-253 -258 0
-253 -259 0
-253 -260 0
-254 -255 0
-254 -256 0
-254 -257 0
-254 -258 0
-254 -259 0
-254 -260 0
-255 -256 0
-255 -257 0
-255 -258 0
-255 -259 0
-255 -260 0
-256 -257 0
-256 -258 0
-256 -259 0
-256 -260 0
-257 -258 0
-257 -259 0
-257 -260 0
-258 -259 0
-258 -260 0
-259 -260 0
-248 -14 0
-249 -15 0
-250 -16 0
-251 -17 0
-252 -18 0
-253 -19 0
-254 -20 0
-255 -21 0
-256 -22 0
-257 -23 0
-258 -24 0
-259 -25 0
-260 -26 0
-248 -40 0
-249 -41 0
-250 -42 0
-251 -43 0
-252 -44 0
-253 -45 0
-254 -46 0
-255 -47 0
-256 -48 0
-257 -49 0
-258 -50 0
-259 -51 0
-260 -52 0
-248 -66 0
-249 -67 0
-250 -68 0
-251 -69 0
-252 -70 0
-253 -71 0
-254 -72 0
-255 -73 0
-256 -74 0
-257 -75 0
-258 -76 0
-259 -77 0
-260 -78 0
-248 -92 0
-249 -93 0
-250 -94 0
-251 -95 0
-252 -96 0
-253 -97 0
-254 -98 0
-255 -99 0
-256 -100 0
-257 -101 0
-258 -102 0
-259 -103 0
-260 -104 0
-248 -105 0
-249 -106 0
-250 -107 0
-251 -108 0
-252 -109 0
-253 -110 0
-254 -111 0
-255 -112 0
-256 -113 0
-257 -114 0
-258 -115 0
-259 -116 0
-260 -117 0
-248 -144 0
-249 -145 0
-250 -146 0
-251 -147 0
-252 -148 0
-253 -149 0
-254 -150 0
-255 -151 0
-256 -152 0
-257 -153 0
-258 -154 0
-259 -155 0
-260 -156 0
-248 -209 0
-249 -210 0
-250 -211 0
-251 -212 0
-252 -213 0
-253 -214 0
-254 -215 0
-255 -216 0
-256 -217 0
-257 -218 0
-258 -219 0
-259 -220 0
-260 -221 0
-248 -222 0
-249 -223 0
-250 -224 0
-251 -225 0
-252 -226 0
-253 -227 0
-254 -228 0
-255 -229 0
-256 -230 0
-257 -231 0
-258 -232 0
-259 -233 0
-260 -234 0
